join: [1, 0, [256, 0, [512, 1, 64], [16, 128], [1, 1, 1, 1]], []]
start: [1, 1, [256, 0, [512, 1, 64], [16, 128], [1, 1, 1, 1]], [0, [16, 128], [[[1, 0, (46, -48), (0, 0), [1, 1, 1, 1], 0, 64, 1], []], [[0, 1, (-46, 48), (0, 0), [1, 1, 1, 1], 0, 64, 1], []]]]]
commands: [1, 1, [256, 0, [512, 1, 64], [16, 128], [1, 1, 1, 1]], [1, [16, 128], [[[1, 0, (45, -46), (-1, 2), [0, 1, 1, 1], 7, 64, 1], [[0, (1, -1)]]], [[0, 1, (-47, 48), (-1, 0), [0, 1, 1, 1], 7, 64, 1], [[0, (1, -1)]]]]]]
commands: [1, 1, [256, 0, [512, 1, 64], [16, 128], [1, 1, 1, 1]], [2, [16, 128], [[[1, 0, (44, -43), (-1, 3), [0, 1, 1, 1], 6, 64, 1], []], [[0, 1, (-48, 47), (-1, -1), [0, 1, 1, 1], 6, 64, 1], []]]]]
commands: [1, 1, [256, 0, [512, 1, 64], [16, 128], [1, 1, 1, 1]], [3, [16, 128], [[[1, 0, (42, -40), (-2, 3), [0, 1, 1, 1], 5, 64, 1], []], [[0, 1, (-48, 46), (0, -1), [0, 1, 1, 1], 5, 64, 1], []]]]]
commands: [1, 1, [256, 0, [512, 1, 64], [16, 128], [1, 1, 1, 1]], [4, [16, 128], [[[1, 0, (39, -37), (-3, 3), [0, 1, 1, 1], 4, 64, 1], []], [[0, 1, (-47, 45), (1, -1), [0, 1, 1, 1], 4, 64, 1], []]]]]
commands: [1, 1, [256, 0, [512, 1, 64], [16, 128], [1, 1, 1, 1]], [5, [16, 128], [[[1, 0, (35, -34), (-4, 3), [0, 1, 1, 1], 3, 64, 1], []], [[0, 1, (-45, 44), (2, -1), [0, 1, 1, 1], 3, 64, 1], []]]]]
commands: [1, 1, [256, 0, [512, 1, 64], [16, 128], [1, 1, 1, 1]], [6, [16, 128], [[[1, 0, (30, -31), (-5, 3), [0, 1, 1, 1], 2, 64, 1], []], [[0, 1, (-42, 43), (3, -1), [0, 1, 1, 1], 2, 64, 1], []]]]]
commands: [1, 1, [256, 0, [512, 1, 64], [16, 128], [1, 1, 1, 1]], [7, [16, 128], [[[1, 0, (25, -27), (-5, 4), [0, 1, 1, 1], 1, 64, 1], []], [[0, 1, (-39, 41), (3, -2), [0, 1, 1, 1], 1, 64, 1], []]]]]
commands: [1, 1, [256, 0, [512, 1, 64], [16, 128], [1, 1, 1, 1]], [8, [16, 128], [[[1, 0, (20, -22), (-5, 5), [0, 1, 1, 1], 0, 64, 1], []], [[0, 1, (-36, 38), (3, -3), [0, 1, 1, 1], 0, 64, 1], []]]]]
commands: [1, 2, [256, 0, [512, 1, 64], [16, 128], [1, 1, 1, 1]], [9, [16, 128], [[[1, 0, (15, -16), (-5, 6), [0, 0, 0, 0], 0, 64, 1], []], [[0, 1, (-33, 34), (3, -4), [0, 1, 1, 1], 0, 64, 1], []]]]]
