[1, 0, [256, 0, [512, 1, 64], [16, 128], [200, 10, 10, 1]], None]
[1, 1, [256, 0, [512, 1, 64], [16, 128], [200, 10, 10, 1]], [0, [16, 128], [[[1, 0, (48, -39), (0, 0), [200, 10, 10, 1], 0, 64, 1], None], [[0, 1, (-48, 39), (0, 0), [200, 10, 10, 1], 0, 64, 1], None]]]]
[1, 1, [256, 0, [512, 1, 64], [16, 128], [200, 10, 10, 1]], [1, [16, 128], [[[1, 0, (47, -39), (-1, 0), [200, 10, 10, 1], 0, 64, 1], None], [[0, 1, (-47, 39), (1, 0), [200, 10, 10, 1], 0, 64, 1], None]]]]
[1, 1, [256, 0, [512, 1, 64], [16, 128], [200, 10, 10, 1]], [2, [16, 128], [[[1, 0, (46, -40), (-1, -1), [199, 10, 10, 1], 0, 64, 1], [[0, (-1, 1)]]], [[0, 1, (-46, 40), (1, 1), [199, 10, 10, 1], 0, 64, 1], [[0, (1, -1)]]]]]]
[1, 1, [256, 0, [512, 1, 64], [16, 128], [200, 10, 10, 1]], [3, [16, 128], [[[1, 0, (45, -42), (-1, -2), [198, 10, 10, 1], 0, 64, 1], [[0, (-1, 1)]]], [[0, 1, (-45, 42), (1, 2), [198, 10, 10, 1], 0, 64, 1], [[0, (1, -1)]]]]]]
[1, 1, [256, 0, [512, 1, 64], [16, 128], [200, 10, 10, 1]], [4, [16, 128], [[[1, 0, (44, -45), (-1, -3), [197, 10, 10, 1], 0, 64, 1], [[0, (-1, 1)]]], [[0, 1, (-44, 45), (1, 3), [197, 10, 10, 1], 0, 64, 1], [[0, (1, -1)]]]]]]
[1, 1, [256, 0, [512, 1, 64], [16, 128], [200, 10, 10, 1]], [5, [16, 128], [[[1, 0, (44, -48), (0, -3), [196, 10, 10, 1], 0, 64, 1], [[0, (-1, 1)]]], [[0, 1, (-44, 48), (0, 3), [196, 10, 10, 1], 0, 64, 1], [[0, (1, -1)]]]]]]
[1, 1, [256, 0, [512, 1, 64], [16, 128], [200, 10, 10, 1]], [6, [16, 128], [[[1, 0, (44, -50), (0, -2), [196, 10, 10, 1], 0, 64, 1], None], [[0, 1, (-44, 50), (0, 2), [196, 10, 10, 1], 0, 64, 1], None]]]]
[1, 1, [256, 0, [512, 1, 64], [16, 128], [200, 10, 10, 1]], [7, [16, 128], [[[1, 0, (44, -51), (0, -1), [196, 10, 10, 1], 0, 64, 1], None], [[0, 1, (-44, 51), (0, 1), [196, 10, 10, 1], 0, 64, 1], None]]]]
[1, 1, [256, 0, [512, 1, 64], [16, 128], [200, 10, 10, 1]], [8, [16, 128], [[[1, 0, (44, -51), (0, 0), [196, 10, 10, 1], 0, 64, 1], None], [[0, 1, (-44, 51), (0, 0), [196, 10, 10, 1], 0, 64, 1], None]]]]
[1, 1, [256, 0, [512, 1, 64], [16, 128], [200, 10, 10, 1]], [9, [16, 128], [[[1, 0, (44, -50), (0, 1), [196, 10, 10, 1], 0, 64, 1], None], [[0, 1, (-44, 50), (0, -1), [196, 10, 10, 1], 0, 64, 1], None]]]]
[1, 1, [256, 0, [512, 1, 64], [16, 128], [200, 10, 10, 1]], [10, [16, 128], [[[1, 0, (44, -48), (0, 2), [196, 10, 10, 1], 0, 64, 1], None], [[0, 1, (-44, 48), (0, -2), [196, 10, 10, 1], 0, 64, 1], None]]]]
[1, 1, [256, 0, [512, 1, 64], [16, 128], [200, 10, 10, 1]], [11, [16, 128], [[[1, 0, (44, -45), (0, 3), [196, 10, 10, 1], 0, 64, 1], None], [[0, 1, (-44, 45), (0, -3), [196, 10, 10, 1], 0, 64, 1], None]]]]
[1, 1, [256, 0, [512, 1, 64], [16, 128], [200, 10, 10, 1]], [12, [16, 128], [[[1, 0, (45, -42), (1, 3), [195, 10, 10, 1], 0, 64, 1], [[0, (-1, 1)]]], [[0, 1, (-45, 42), (-1, -3), [195, 10, 10, 1], 0, 64, 1], [[0, (1, -1)]]]]]]
[1, 1, [256, 0, [512, 1, 64], [16, 128], [200, 10, 10, 1]], [13, [16, 128], [[[1, 0, (46, -40), (1, 2), [194, 10, 10, 1], 0, 64, 1], [[0, (-1, 1)]]], [[0, 1, (-46, 40), (-1, -2), [194, 10, 10, 1], 0, 64, 1], [[0, (1, -1)]]]]]]
