join: [1, 0, [256, 0, [512, 1, 64], [16, 128], [64, 48, 14, 1]], []]
start: [1, 1, [256, 0, [512, 1, 64], [16, 128], [64, 48, 14, 1]], [0, [16, 128], [[[1, 0, (3, 48), (0, 0), [64, 48, 14, 1], 0, 64, 1], []], [[0, 1, (-3, -48), (0, 0), [446, 0, 0, 1], 0, 64, 1], []]]]]
commands: [1, 1, [256, 0, [512, 1, 64], [16, 128], [64, 48, 14, 1]], [1, [16, 128], [[[1, 0, (4, 46), (1, -2), [63, 48, 14, 1], 0, 64, 1], [[0, (-1, 1)]]], [[0, 1, (-3, -47), (0, 1), [446, 0, 0, 1], 0, 64, 1], []]]]]
commands: [1, 1, [256, 0, [512, 1, 64], [16, 128], [64, 48, 14, 1]], [2, [16, 128], [[[1, 0, (6, 42), (2, -4), [62, 48, 14, 1], 0, 64, 1], [[0, (-1, 1)]]], [[0, 1, (-3, -45), (0, 2), [446, 0, 0, 1], 0, 64, 1], []]]]]
commands: [1, 1, [256, 0, [512, 1, 64], [16, 128], [64, 48, 14, 1]], [3, [16, 128], [[[1, 0, (9, 36), (3, -6), [61, 48, 14, 1], 0, 64, 1], [[0, (-1, 1)]]], [[0, 1, (-3, -42), (0, 3), [446, 0, 0, 1], 0, 64, 1], []]]]]
commands: [1, 1, [256, 0, [512, 1, 64], [16, 128], [64, 48, 14, 1]], [4, [16, 128], [[[1, 0, (13, 28), (4, -8), [60, 48, 14, 1], 0, 64, 1], [[0, (-1, 1)]]], [[0, 1, (-3, -38), (0, 4), [446, 0, 0, 1], 0, 64, 1], []]]]]
commands: [1, 1, [256, 0, [512, 1, 64], [16, 128], [64, 48, 14, 1]], [5, [16, 128], [[[1, 0, (18, 18), (5, -10), [59, 48, 14, 1], 0, 64, 1], [[0, (-1, 1)]]], [[0, 1, (-3, -33), (0, 5), [446, 0, 0, 1], 0, 64, 1], []]]]]
commands: [1, 1, [256, 0, [512, 1, 64], [16, 128], [64, 48, 14, 1]], [6, [16, 128], [[[1, 0, (23, 6), (5, -12), [58, 48, 14, 1], 0, 64, 1], [[0, (-1, 1)]]], [[0, 1, (-3, -27), (0, 6), [446, 0, 0, 1], 0, 64, 1], []]]]]
commands: [1, 1, [256, 0, [512, 1, 64], [16, 128], [64, 48, 14, 1]], [7, [16, 128], [[[1, 0, (28, -7), (5, -13), [57, 48, 14, 1], 0, 64, 1], [[0, (-1, 1)]]], [[0, 1, (-3, -20), (0, 7), [446, 0, 0, 1], 0, 64, 1], []]]]]
commands: [1, 2, [256, 0, [512, 1, 64], [16, 128], [64, 48, 14, 1]], [8, [16, 128], [[[1, 0, (33, -21), (5, -14), [56, 48, 14, 1], 0, 64, 1], [[0, (-1, 1)]]], [[0, 1, (-3, -12), (0, 8), [0, 0, 0, 0], 0, 64, 1], []]]]]
