[1, 0, [256, 0, [512, 1, 64], [16, 128], [64, 32, 16, 1]], None]
[1, 1, [256, 0, [512, 1, 64], [16, 128], [64, 32, 16, 1]], [0, [16, 128], [[[1, 0, (-42, 48), (0, 0), [64, 32, 16, 1], 0, 64, 1], None], [[0, 1, (42, -48), (0, 0), [1, 1, 1, 1], 0, 64, 1], None]]]]
[1, 1, [256, 0, [512, 1, 64], [16, 128], [64, 32, 16, 1]], [1, [16, 128], [[[1, 0, (-42, 47), (0, -1), [64, 32, 16, 1], 0, 64, 1], [[2, (42, -47), 16, 0, 4]]], [[0, 1, (42, -47), (0, 1), [1, 1, 1, 1], 0, 64, 1], None]]]]
[1, 1, [256, 0, [512, 1, 64], [16, 128], [64, 32, 16, 1]], [2, [16, 128], [[[1, 0, (-42, 45), (0, -2), [64, 32, 16, 1], 0, 64, 1], [[2, (42, -45), 16, 0, 4]]], [[0, 1, (42, -45), (0, 2), [1, 1, 1, 1], 0, 64, 1], None]]]]
[1, 1, [256, 0, [512, 1, 64], [16, 128], [64, 32, 16, 1]], [3, [16, 128], [[[1, 0, (-42, 42), (0, -3), [64, 32, 16, 1], 0, 64, 1], [[2, (42, -42), 16, 0, 4]]], [[0, 1, (42, -42), (0, 3), [1, 1, 1, 1], 0, 64, 1], None]]]]
[1, 1, [256, 0, [512, 1, 64], [16, 128], [64, 32, 16, 1]], [4, [16, 128], [[[1, 0, (-41, 38), (1, -4), [64, 32, 16, 1], 0, 64, 1], [[2, (41, -38), 16, 0, 4]]], [[0, 1, (41, -38), (-1, 4), [1, 1, 1, 1], 0, 64, 1], None]]]]
[1, 1, [256, 0, [512, 1, 64], [16, 128], [64, 32, 16, 1]], [5, [16, 128], [[[1, 0, (-39, 34), (2, -4), [64, 32, 16, 1], 0, 64, 1], [[2, (39, -34), 16, 0, 4]]], [[0, 1, (39, -34), (-2, 4), [1, 1, 1, 1], 0, 64, 1], None]]]]
[1, 1, [256, 0, [512, 1, 64], [16, 128], [64, 32, 16, 1]], [6, [16, 128], [[[1, 0, (-36, 30), (3, -4), [64, 32, 16, 1], 0, 64, 1], [[2, (36, -30), 16, 0, 4]]], [[0, 1, (36, -30), (-3, 4), [1, 1, 1, 1], 0, 64, 1], None]]]]
[1, 1, [256, 0, [512, 1, 64], [16, 128], [64, 32, 16, 1]], [7, [16, 128], [[[1, 0, (-32, 26), (4, -4), [64, 32, 16, 1], 0, 64, 1], [[2, (32, -26), 16, 0, 4]]], [[0, 1, (32, -26), (-4, 4), [1, 1, 1, 1], 0, 64, 1], None]]]]
[1, 1, [256, 0, [512, 1, 64], [16, 128], [64, 32, 16, 1]], [8, [16, 128], [[[1, 0, (-27, 22), (5, -4), [64, 32, 16, 1], 0, 64, 1], [[2, (27, -22), 16, 0, 4]]], [[0, 1, (27, -22), (-5, 4), [1, 1, 1, 1], 0, 64, 1], None]]]]
[1, 1, [256, 0, [512, 1, 64], [16, 128], [64, 32, 16, 1]], [9, [16, 128], [[[1, 0, (-21, 18), (6, -4), [64, 32, 16, 1], 0, 64, 1], [[2, (21, -18), 16, 0, 4]]], [[0, 1, (21, -18), (-6, 4), [1, 1, 1, 1], 0, 64, 1], None]]]]
[1, 2, [256, 0, [512, 1, 64], [16, 128], [64, 32, 16, 1]], [10, [16, 128], [[[1, 0, (-14, 14), (7, -4), [0, 0, 0, 0], 0, 64, 1], None], [[0, 1, (14, -14), (-7, 4), [0, 0, 0, 0], 0, 64, 1], None]]]]
