[1, 0, [256, 0, [512, 1, 64], [16, 128], [64, 48, 14, 1]], None]
[1, 1, [256, 0, [512, 1, 64], [16, 128], [64, 48, 14, 1]], [0, [16, 128], [[[1, 0, (-18, 48), (0, 0), [64, 48, 14, 1], 0, 64, 1], None], [[0, 1, (18, -48), (0, 0), [1, 1, 1, 1], 0, 64, 1], None]]]]
[1, 1, [256, 0, [512, 1, 64], [16, 128], [64, 48, 14, 1]], [1, [16, 128], [[[1, 0, (-18, 47), (0, -1), [64, 48, 14, 1], 0, 64, 1], [[2, (18, -47), 2, 0, 4]]], [[0, 1, (18, -47), (0, 1), [1, 1, 1, 1], 0, 64, 1], None]]]]
[1, 1, [256, 0, [512, 1, 64], [16, 128], [64, 48, 14, 1]], [2, [16, 128], [[[1, 0, (-18, 45), (0, -2), [64, 48, 14, 1], 0, 64, 1], [[2, (18, -45), 2, 0, 4]]], [[0, 1, (18, -45), (0, 2), [1, 1, 1, 1], 0, 64, 1], None]]]]
[1, 1, [256, 0, [512, 1, 64], [16, 128], [64, 48, 14, 1]], [3, [16, 128], [[[1, 0, (-18, 42), (0, -3), [64, 48, 14, 1], 0, 64, 1], [[2, (18, -42), 2, 0, 4]]], [[0, 1, (18, -42), (0, 3), [1, 1, 1, 1], 0, 64, 1], None]]]]
[1, 1, [256, 0, [512, 1, 64], [16, 128], [64, 48, 14, 1]], [4, [16, 128], [[[1, 0, (-18, 38), (0, -4), [64, 48, 14, 1], 0, 64, 1], [[2, (18, -38), 2, 0, 4]]], [[0, 1, (18, -38), (0, 4), [1, 1, 1, 1], 0, 64, 1], None]]]]
[1, 1, [256, 0, [512, 1, 64], [16, 128], [64, 48, 14, 1]], [5, [16, 128], [[[1, 0, (-18, 33), (0, -5), [64, 48, 14, 1], 0, 64, 1], [[2, (18, -33), 2, 0, 4]]], [[0, 1, (18, -33), (0, 5), [1, 1, 1, 1], 0, 64, 1], None]]]]
[1, 1, [256, 0, [512, 1, 64], [16, 128], [64, 48, 14, 1]], [6, [16, 128], [[[1, 0, (-18, 27), (0, -6), [64, 48, 14, 1], 0, 64, 1], [[2, (18, -27), 2, 0, 4]]], [[0, 1, (18, -27), (0, 6), [1, 1, 1, 1], 0, 64, 1], None]]]]
[1, 1, [256, 0, [512, 1, 64], [16, 128], [64, 48, 14, 1]], [7, [16, 128], [[[1, 0, (-18, 20), (0, -7), [64, 48, 14, 1], 0, 64, 1], [[2, (18, -20), 2, 0, 4]]], [[0, 1, (18, -20), (0, 7), [1, 1, 1, 1], 0, 64, 1], None]]]]
[1, 1, [256, 0, [512, 1, 64], [16, 128], [64, 48, 14, 1]], [8, [16, 128], [[[1, 0, (-18, 12), (0, -8), [64, 48, 14, 1], 0, 64, 1], [[2, (18, -12), 2, 0, 4]]], [[0, 1, (18, -12), (0, 8), [1, 1, 1, 1], 0, 64, 1], None]]]]
[1, 1, [256, 0, [512, 1, 64], [16, 128], [64, 48, 14, 1]], [9, [16, 128], [[[1, 0, (-17, 4), (1, -8), [64, 48, 14, 1], 0, 64, 1], [[2, (17, -4), 2, 0, 4]]], [[0, 1, (17, -4), (-1, 8), [1, 1, 1, 1], 0, 64, 1], None]]]]
[1, 2, [256, 0, [512, 1, 64], [16, 128], [64, 48, 14, 1]], [10, [16, 128], [[[1, 0, (-15, -4), (2, -8), [0, 0, 0, 0], 0, 64, 1], None], [[0, 1, (15, 4), (-2, 8), [0, 0, 0, 0], 0, 64, 1], None]]]]
