[1, 0, [256, 0, [512, 1, 64], [16, 128], [200, 10, 10, 1]], None]
[1, 1, [256, 0, [512, 1, 64], [16, 128], [200, 10, 10, 1]], [0, [16, 128], [[[1, 0, (48, -37), (0, 0), [200, 10, 10, 1], 0, 64, 1], None], [[0, 1, (-48, 37), (0, 0), [134, 64, 10, 1], 0, 64, 1], None]]]]
[1, 1, [256, 0, [512, 1, 64], [16, 128], [200, 10, 10, 1]], [1, [16, 128], [[[1, 0, (47, -37), (-1, 0), [200, 10, 10, 1], 8, 64, 1], None], [[0, 1, (-48, 38), (0, 1), [133, 64, 10, 1], 62, 64, 1], [[0, (1, -1)], [2, (47, -37), 64, 18, 4]]]]]]
[1, 1, [256, 0, [512, 1, 64], [16, 128], [200, 10, 10, 1]], [2, [16, 128], [[[1, 0, (46, -38), (-1, -1), [199, 10, 10, 1], 6, 64, 1], [[0, (-1, 1)]]], [[0, 1, (-48, 40), (0, 2), [132, 64, 10, 1], 60, 64, 1], [[0, (1, -1)]]]]]]
[1, 1, [256, 0, [512, 1, 64], [16, 128], [200, 10, 10, 1]], [3, [16, 128], [[[1, 0, (45, -40), (-1, -2), [198, 10, 10, 1], 4, 64, 1], [[0, (-1, 1)]]], [[0, 1, (-47, 43), (1, 3), [131, 64, 10, 1], 58, 64, 1], [[0, (0, -1)]]]]]]
[1, 1, [256, 0, [512, 1, 64], [16, 128], [200, 10, 10, 1]], [4, [16, 128], [[[1, 0, (44, -43), (-1, -3), [197, 10, 10, 1], 2, 64, 1], [[0, (-1, 1)]]], [[0, 1, (-45, 46), (2, 3), [131, 64, 10, 1], 48, 64, 1], None]]]]
[1, 1, [256, 0, [512, 1, 64], [16, 128], [200, 10, 10, 1]], [5, [16, 128], [[[1, 0, (43, -47), (-1, -4), [196, 10, 10, 1], 0, 64, 1], [[0, (-1, 1)]]], [[0, 1, (-44, 49), (1, 3), [130, 64, 10, 1], 46, 64, 1], [[0, (1, -1)]]]]]]
[1, 1, [256, 0, [512, 1, 64], [16, 128], [200, 10, 10, 1]], [6, [16, 128], [[[1, 0, (43, -51), (0, -4), [195, 10, 10, 1], 0, 64, 1], [[0, (-1, 1)]]], [[0, 1, (-43, 51), (1, 2), [130, 64, 10, 1], 36, 64, 1], None]]]]
[1, 1, [256, 0, [512, 1, 64], [16, 128], [200, 10, 10, 1]], [7, [16, 128], [[[1, 0, (43, -54), (0, -3), [195, 10, 10, 1], 0, 64, 1], None], [[0, 1, (-43, 53), (0, 2), [129, 64, 10, 1], 34, 64, 1], [[0, (1, -1)]]]]]]
[1, 1, [256, 0, [512, 1, 64], [16, 128], [200, 10, 10, 1]], [8, [16, 128], [[[1, 0, (43, -56), (0, -2), [195, 10, 10, 1], 0, 64, 1], None], [[0, 1, (-43, 54), (0, 1), [129, 64, 10, 1], 24, 64, 1], None]]]]
[1, 1, [256, 0, [512, 1, 64], [16, 128], [200, 10, 10, 1]], [9, [16, 128], [[[1, 0, (43, -57), (0, -1), [195, 10, 10, 1], 0, 64, 1], None], [[0, 1, (-43, 55), (0, 1), [128, 64, 10, 1], 22, 64, 1], [[0, (0, -1)]]]]]]
[1, 1, [256, 0, [512, 1, 64], [16, 128], [200, 10, 10, 1]], [10, [16, 128], [[[1, 0, (43, -57), (0, 0), [195, 10, 10, 1], 0, 64, 1], None], [[0, 1, (-43, 56), (0, 1), [127, 64, 10, 1], 20, 64, 1], [[0, (0, -1)]]]]]]
[1, 1, [256, 0, [512, 1, 64], [16, 128], [200, 10, 10, 1]], [11, [16, 128], [[[1, 0, (43, -56), (0, 1), [195, 10, 10, 1], 0, 64, 1], None], [[0, 1, (-43, 57), (0, 1), [126, 64, 10, 1], 18, 64, 1], [[0, (0, -1)]]]]]]
[1, 1, [256, 0, [512, 1, 64], [16, 128], [200, 10, 10, 1]], [12, [16, 128], [[[1, 0, (43, -54), (0, 2), [195, 10, 10, 1], 0, 64, 1], None], [[0, 1, (-44, 58), (-1, 1), [125, 64, 10, 1], 16, 64, 1], [[0, (1, -1)]]]]]]
[1, 1, [256, 0, [512, 1, 64], [16, 128], [200, 10, 10, 1]], [13, [16, 128], [[[1, 0, (43, -51), (0, 3), [195, 10, 10, 1], 0, 64, 1], None], [[0, 1, (-45, 58), (-1, 0), [125, 64, 10, 1], 6, 64, 1], None]]]]
[1, 1, [256, 0, [512, 1, 64], [16, 128], [200, 10, 10, 1]], [14, [16, 128], [[[1, 0, (43, -47), (0, 4), [195, 10, 10, 1], 20, 64, 1], None], [[0, 1, (-46, 58), (-1, 0), [120, 64, 10, 1], 64, 64, 1], [[0, (0, -1)], [2, (43, -47), 64, 30, 4]]]]]]
[1, 1, [256, 0, [512, 1, 64], [16, 128], [200, 10, 10, 1]], [15, [16, 128], [[[1, 0, (44, -43), (1, 4), [194, 10, 10, 1], 18, 64, 1], [[0, (-1, 1)]]], [[0, 1, (-47, 58), (-1, 0), [119, 64, 10, 1], 62, 64, 1], [[0, (0, -1)]]]]]]
[1, 1, [256, 0, [512, 1, 64], [16, 128], [200, 10, 10, 1]], [16, [16, 128], [[[1, 0, (45, -40), (1, 3), [193, 10, 10, 1], 16, 64, 1], [[0, (-1, 1)]]], [[0, 1, (-48, 58), (-1, 0), [118, 64, 10, 1], 60, 64, 1], [[0, (0, -1)]]]]]]
[1, 1, [256, 0, [512, 1, 64], [16, 128], [200, 10, 10, 1]], [17, [16, 128], [[[1, 0, (46, -38), (1, 2), [192, 10, 10, 1], 14, 64, 1], [[0, (-1, 1)]]], [[0, 1, (-49, 57), (-1, -1), [118, 64, 10, 1], 50, 64, 1], None]]]]
[1, 1, [256, 0, [512, 1, 64], [16, 128], [200, 10, 10, 1]], [18, [16, 128], [[[1, 0, (47, -37), (1, 1), [191, 10, 10, 1], 12, 64, 1], [[0, (-1, 1)]]], [[0, 1, (-51, 56), (-2, -1), [117, 64, 10, 1], 48, 64, 1], [[0, (1, -1)]]]]]]
[1, 1, [256, 0, [512, 1, 64], [16, 128], [200, 10, 10, 1]], [19, [16, 128], [[[1, 0, (48, -37), (1, 0), [190, 10, 10, 1], 10, 64, 1], [[0, (-1, 1)]]], [[0, 1, (-53, 54), (-2, -2), [117, 64, 10, 1], 38, 64, 1], None]]]]
[1, 1, [256, 0, [512, 1, 64], [16, 128], [200, 10, 10, 1]], [20, [16, 128], [[[1, 0, (48, -37), (0, 0), [190, 10, 10, 1], 0, 64, 1], None], [[0, 1, (-56, 52), (-3, -2), [116, 64, 10, 1], 36, 64, 1], [[0, (1, -1)]]]]]]
[1, 1, [256, 0, [512, 1, 64], [16, 128], [200, 10, 10, 1]], [21, [16, 128], [[[1, 0, (47, -37), (-1, 0), [190, 10, 10, 1], 0, 64, 1], None], [[0, 1, (-58, 50), (-2, -2), [116, 64, 10, 1], 26, 64, 1], None]]]]
[1, 1, [256, 0, [512, 1, 64], [16, 128], [200, 10, 10, 1]], [22, [16, 128], [[[1, 0, (46, -38), (-1, -1), [189, 10, 10, 1], 0, 64, 1], [[0, (-1, 1)]]], [[0, 1, (-60, 49), (-2, -1), [115, 64, 10, 1], 24, 64, 1], [[0, (1, -1)]]]]]]
[1, 1, [256, 0, [512, 1, 64], [16, 128], [200, 10, 10, 1]], [23, [16, 128], [[[1, 0, (45, -40), (-1, -2), [188, 10, 10, 1], 0, 64, 1], [[0, (-1, 1)]]], [[0, 1, (-61, 48), (-1, -1), [115, 64, 10, 1], 14, 64, 1], None]]]]
[1, 1, [256, 0, [512, 1, 64], [16, 128], [200, 10, 10, 1]], [24, [16, 128], [[[1, 0, (44, -43), (-1, -3), [187, 10, 10, 1], 0, 64, 1], [[0, (-1, 1)]]], [[0, 1, (-62, 48), (-1, 0), [114, 64, 10, 1], 12, 64, 1], [[0, (1, -1)]]]]]]
[1, 1, [256, 0, [512, 1, 64], [16, 128], [200, 10, 10, 1]], [25, [16, 128], [[[1, 0, (43, -47), (-1, -4), [186, 10, 10, 1], 0, 64, 1], [[0, (-1, 1)]]], [[0, 1, (-62, 48), (0, 0), [114, 64, 10, 1], 2, 64, 1], None]]]]
[1, 1, [256, 0, [512, 1, 64], [16, 128], [200, 10, 10, 1]], [26, [16, 128], [[[1, 0, (43, -51), (0, -4), [185, 10, 10, 1], 15, 64, 1], [[0, (-1, 1)]]], [[0, 1, (-62, 49), (0, 1), [113, 64, 10, 1], 64, 64, 1], [[0, (1, -1)], [2, (42, -50), 64, 71, 4]]]]]]
[1, 1, [256, 0, [512, 1, 64], [16, 128], [200, 10, 10, 1]], [27, [16, 128], [[[1, 0, (43, -54), (0, -3), [185, 10, 10, 1], 5, 64, 1], None], [[0, 1, (-61, 50), (1, 1), [113, 64, 10, 1], 54, 64, 1], None]]]]
[1, 1, [256, 0, [512, 1, 64], [16, 128], [200, 10, 10, 1]], [28, [16, 128], [[[1, 0, (43, -56), (0, -2), [185, 10, 10, 1], 0, 64, 1], None], [[0, 1, (-59, 52), (2, 2), [112, 64, 10, 1], 52, 64, 1], [[0, (0, -1)]]]]]]
[1, 1, [256, 0, [512, 1, 64], [16, 128], [200, 10, 10, 1]], [29, [16, 128], [[[1, 0, (43, -57), (0, -1), [185, 10, 10, 1], 0, 64, 1], None], [[0, 1, (-56, 55), (3, 3), [111, 64, 10, 1], 50, 64, 1], [[0, (0, -1)]]]]]]
[1, 1, [256, 0, [512, 1, 64], [16, 128], [200, 10, 10, 1]], [30, [16, 128], [[[1, 0, (43, -57), (0, 0), [185, 10, 10, 1], 0, 64, 1], None], [[0, 1, (-51, 59), (5, 4), [110, 64, 10, 1], 48, 64, 1], [[0, (-1, -1)]]]]]]
[1, 1, [256, 0, [512, 1, 64], [16, 128], [200, 10, 10, 1]], [31, [16, 128], [[[1, 0, (43, -56), (0, 1), [185, 10, 10, 1], 0, 64, 1], None], [[0, 1, (-46, 62), (5, 3), [110, 64, 10, 1], 38, 64, 1], None]]]]
[1, 1, [256, 0, [512, 1, 64], [16, 128], [200, 10, 10, 1]], [32, [16, 128], [[[1, 0, (43, -54), (0, 2), [185, 10, 10, 1], 0, 64, 1], None], [[0, 1, (-41, 64), (5, 2), [110, 64, 10, 1], 28, 64, 1], None]]]]
[1, 1, [256, 0, [512, 1, 64], [16, 128], [200, 10, 10, 1]], [33, [16, 128], [[[1, 0, (43, -51), (0, 3), [185, 10, 10, 1], 0, 64, 1], None], [[0, 1, (-36, 65), (5, 1), [110, 64, 10, 1], 18, 64, 1], None]]]]
[1, 1, [256, 0, [512, 1, 64], [16, 128], [200, 10, 10, 1]], [34, [16, 128], [[[1, 0, (43, -47), (0, 4), [185, 10, 10, 1], 0, 64, 1], None], [[0, 1, (-31, 65), (5, 0), [110, 64, 10, 1], 8, 64, 1], None]]]]
[1, 1, [256, 0, [512, 1, 64], [16, 128], [200, 10, 10, 1]], [35, [16, 128], [[[1, 0, (44, -43), (1, 4), [184, 10, 10, 1], 0, 64, 1], [[0, (-1, 1)]]], [[0, 1, (-26, 64), (5, -1), [110, 64, 10, 1], 62, 64, 1], [[2, (43, -42), 64, 0, 4]]]]]]
[1, 1, [256, 0, [512, 1, 64], [16, 128], [200, 10, 10, 1]], [36, [16, 128], [[[1, 0, (45, -40), (1, 3), [183, 10, 10, 1], 0, 64, 1], [[0, (-1, 1)]]], [[0, 1, (-21, 62), (5, -2), [110, 64, 10, 1], 52, 64, 1], None]]]]
[1, 1, [256, 0, [512, 1, 64], [16, 128], [200, 10, 10, 1]], [37, [16, 128], [[[1, 0, (46, -38), (1, 2), [182, 10, 10, 1], 0, 64, 1], [[0, (-1, 1)]]], [[0, 1, (-16, 59), (5, -3), [110, 64, 10, 1], 42, 64, 1], None]]]]
[1, 1, [256, 0, [512, 1, 64], [16, 128], [200, 10, 10, 1]], [38, [16, 128], [[[1, 0, (47, -37), (1, 1), [181, 10, 10, 1], 0, 64, 1], [[0, (-1, 1)]]], [[0, 1, (-11, 55), (5, -4), [110, 64, 10, 1], 32, 64, 1], None]]]]
[1, 1, [256, 0, [512, 1, 64], [16, 128], [200, 10, 10, 1]], [39, [16, 128], [[[1, 0, (48, -37), (1, 0), [180, 10, 10, 1], 0, 64, 1], [[0, (-1, 1)]]], [[0, 1, (-6, 50), (5, -5), [110, 64, 10, 1], 22, 64, 1], None]]]]
[1, 1, [256, 0, [512, 1, 64], [16, 128], [200, 10, 10, 1]], [40, [16, 128], [[[1, 0, (48, -37), (0, 0), [180, 10, 10, 1], 0, 64, 1], None], [[0, 1, (-1, 44), (5, -6), [110, 64, 10, 1], 12, 64, 1], None]]]]
[1, 1, [256, 0, [512, 1, 64], [16, 128], [200, 10, 10, 1]], [41, [16, 128], [[[1, 0, (47, -37), (-1, 0), [180, 10, 10, 1], 0, 64, 1], None], [[0, 1, (4, 37), (5, -7), [110, 64, 10, 1], 2, 64, 1], None]]]]
[1, 1, [256, 0, [512, 1, 64], [16, 128], [200, 10, 10, 1]], [42, [16, 128], [[[1, 0, (46, -38), (-1, -1), [179, 10, 10, 1], 0, 64, 1], [[0, (-1, 1)]]], [[0, 1, (9, 29), (5, -8), [110, 64, 10, 1], 56, 64, 1], [[2, (45, -37), 64, 0, 4]]]]]]
[1, 1, [256, 0, [512, 1, 64], [16, 128], [200, 10, 10, 1]], [43, [16, 128], [[[1, 0, (45, -40), (-1, -2), [178, 10, 10, 1], 0, 64, 1], [[0, (-1, 1)]]], [[0, 1, (14, 20), (5, -9), [110, 64, 10, 1], 46, 64, 1], None]]]]
[1, 1, [256, 0, [512, 1, 64], [16, 128], [200, 10, 10, 1]], [44, [16, 128], [[[1, 0, (44, -43), (-1, -3), [177, 10, 10, 1], 0, 64, 1], [[0, (-1, 1)]]], [[0, 1, (19, 10), (5, -10), [110, 64, 10, 1], 36, 64, 1], None]]]]
[1, 1, [256, 0, [512, 1, 64], [16, 128], [200, 10, 10, 1]], [45, [16, 128], [[[1, 0, (43, -47), (-1, -4), [176, 10, 10, 1], 0, 64, 1], [[0, (-1, 1)]]], [[0, 1, (23, 0), (4, -10), [110, 64, 10, 1], 26, 64, 1], None]]]]
[1, 1, [256, 0, [512, 1, 64], [16, 128], [200, 10, 10, 1]], [46, [16, 128], [[[1, 0, (43, -51), (0, -4), [175, 10, 10, 1], 0, 64, 1], [[0, (-1, 1)]]], [[0, 1, (26, -10), (3, -10), [110, 64, 10, 1], 16, 64, 1], None]]]]
[1, 1, [256, 0, [512, 1, 64], [16, 128], [200, 10, 10, 1]], [47, [16, 128], [[[1, 0, (43, -54), (0, -3), [175, 10, 10, 1], 0, 64, 1], None], [[0, 1, (28, -20), (2, -10), [110, 64, 10, 1], 6, 64, 1], None]]]]
[1, 1, [256, 0, [512, 1, 64], [16, 128], [200, 10, 10, 1]], [48, [16, 128], [[[1, 0, (43, -56), (0, -2), [175, 10, 10, 1], 0, 64, 1], None], [[0, 1, (29, -30), (1, -10), [110, 64, 10, 1], 60, 64, 1], [[2, (43, -56), 64, 0, 4]]]]]]
[1, 1, [256, 0, [512, 1, 64], [16, 128], [200, 10, 10, 1]], [49, [16, 128], [[[1, 0, (43, -57), (0, -1), [175, 10, 10, 1], 0, 64, 1], None], [[0, 1, (30, -39), (1, -9), [110, 64, 10, 1], 50, 64, 1], None]]]]
[1, 1, [256, 0, [512, 1, 64], [16, 128], [200, 10, 10, 1]], [50, [16, 128], [[[1, 0, (43, -57), (0, 0), [175, 10, 10, 1], 0, 64, 1], None], [[0, 1, (31, -47), (1, -8), [110, 64, 10, 1], 40, 64, 1], None]]]]
[1, 1, [256, 0, [512, 1, 64], [16, 128], [200, 10, 10, 1]], [51, [16, 128], [[[1, 0, (43, -56), (0, 1), [175, 10, 10, 1], 0, 64, 1], None], [[0, 1, (32, -54), (1, -7), [110, 64, 10, 1], 30, 64, 1], None]]]]
[1, 1, [256, 0, [512, 1, 64], [16, 128], [200, 10, 10, 1]], [52, [16, 128], [[[1, 0, (43, -54), (0, 2), [175, 10, 10, 1], 0, 64, 1], None], [[0, 1, (33, -60), (1, -6), [110, 64, 10, 1], 20, 64, 1], None]]]]
[1, 1, [256, 0, [512, 1, 64], [16, 128], [200, 10, 10, 1]], [53, [16, 128], [[[1, 0, (43, -51), (0, 3), [175, 10, 10, 1], 0, 64, 1], None], [[0, 1, (34, -65), (1, -5), [110, 64, 10, 1], 10, 64, 1], None]]]]
[1, 1, [256, 0, [512, 1, 64], [16, 128], [200, 10, 10, 1]], [54, [16, 128], [[[1, 0, (43, -47), (0, 4), [175, 10, 10, 1], 0, 64, 1], None], [[0, 1, (35, -69), (1, -4), [110, 64, 10, 1], 0, 64, 1], None]]]]
[1, 1, [256, 0, [512, 1, 64], [16, 128], [200, 10, 10, 1]], [55, [16, 128], [[[1, 0, (44, -43), (1, 4), [174, 10, 10, 1], 16, 64, 1], [[0, (-1, 1)]]], [[0, 1, (36, -72), (1, -3), [110, 64, 10, 1], 54, 64, 1], [[2, (43, -42), 64, 74, 4]]]]]]
[1, 1, [256, 0, [512, 1, 64], [16, 128], [200, 10, 10, 1]], [56, [16, 128], [[[1, 0, (45, -40), (1, 3), [173, 10, 10, 1], 14, 64, 1], [[0, (-1, 1)]]], [[0, 1, (37, -74), (1, -2), [110, 64, 10, 1], 44, 64, 1], None]]]]
[1, 1, [256, 0, [512, 1, 64], [16, 128], [200, 10, 10, 1]], [57, [16, 128], [[[1, 0, (46, -38), (1, 2), [172, 10, 10, 1], 12, 64, 1], [[0, (-1, 1)]]], [[0, 1, (38, -75), (1, -1), [110, 64, 10, 1], 34, 64, 1], None]]]]
[1, 1, [256, 0, [512, 1, 64], [16, 128], [200, 10, 10, 1]], [58, [16, 128], [[[1, 0, (47, -37), (1, 1), [171, 10, 10, 1], 10, 64, 1], [[0, (-1, 1)]]], [[0, 1, (39, -75), (1, 0), [110, 64, 10, 1], 24, 64, 1], None]]]]
[1, 1, [256, 0, [512, 1, 64], [16, 128], [200, 10, 10, 1]], [59, [16, 128], [[[1, 0, (48, -37), (1, 0), [170, 10, 10, 1], 8, 64, 1], [[0, (-1, 1)]]], [[0, 1, (40, -74), (1, 1), [110, 64, 10, 1], 14, 64, 1], None]]]]
[1, 1, [256, 0, [512, 1, 64], [16, 128], [200, 10, 10, 1]], [60, [16, 128], [[[1, 0, (48, -37), (0, 0), [170, 10, 10, 1], 0, 64, 1], None], [[0, 1, (41, -72), (1, 2), [110, 64, 10, 1], 4, 64, 1], None]]]]
[1, 1, [256, 0, [512, 1, 64], [16, 128], [200, 10, 10, 1]], [61, [16, 128], [[[1, 0, (47, -37), (-1, 0), [143, 10, 10, 1], 64, 64, 1], None], [[0, 1, (42, -69), (1, 3), [110, 64, 10, 1], 58, 64, 1], [[2, (47, -37), 64, 101, 4]]]]]]
[1, 1, [256, 0, [512, 1, 64], [16, 128], [200, 10, 10, 1]], [62, [16, 128], [[[1, 0, (46, -38), (-1, -1), [142, 10, 10, 1], 62, 64, 1], [[0, (-1, 1)]]], [[0, 1, (43, -65), (1, 4), [110, 64, 10, 1], 48, 64, 1], None]]]]
[1, 1, [256, 0, [512, 1, 64], [16, 128], [200, 10, 10, 1]], [63, [16, 128], [[[1, 0, (45, -40), (-1, -2), [141, 10, 10, 1], 60, 64, 1], [[0, (-1, 1)]]], [[0, 1, (44, -60), (1, 5), [110, 64, 10, 1], 38, 64, 1], None]]]]
[1, 1, [256, 0, [512, 1, 64], [16, 128], [200, 10, 10, 1]], [64, [16, 128], [[[1, 0, (44, -43), (-1, -3), [140, 10, 10, 1], 58, 64, 1], [[0, (-1, 1)]]], [[0, 1, (45, -54), (1, 6), [110, 64, 10, 1], 28, 64, 1], None]]]]
[1, 1, [256, 0, [512, 1, 64], [16, 128], [200, 10, 10, 1]], [65, [16, 128], [[[1, 0, (43, -47), (-1, -4), [139, 10, 10, 1], 56, 64, 1], [[0, (-1, 1)]]], [[0, 1, (46, -47), (1, 7), [110, 64, 10, 1], 18, 64, 1], None]]]]
[1, 1, [256, 0, [512, 1, 64], [16, 128], [200, 10, 10, 1]], [66, [16, 128], [[[1, 0, (43, -51), (0, -4), [138, 10, 10, 1], 54, 64, 1], [[0, (-1, 1)]]], [[0, 1, (47, -39), (1, 8), [110, 64, 10, 1], 8, 64, 1], None]]]]
[1, 1, [256, 0, [512, 1, 64], [16, 128], [200, 10, 10, 1]], [67, [16, 128], [[[1, 0, (43, -54), (0, -3), [54, 10, 10, 1], 64, 64, 1], None], [[0, 1, (47, -31), (0, 8), [110, 64, 10, 1], 62, 64, 1], [[2, (43, -54), 64, 104, 4]]]]]]
[1, 1, [256, 0, [512, 1, 64], [16, 128], [200, 10, 10, 1]], [68, [16, 128], [[[1, 0, (43, -56), (0, -2), [54, 10, 10, 1], 54, 64, 1], None], [[0, 1, (46, -23), (-1, 8), [110, 64, 10, 1], 52, 64, 1], None]]]]
[1, 1, [256, 0, [512, 1, 64], [16, 128], [200, 10, 10, 1]], [69, [16, 128], [[[1, 0, (43, -57), (0, -1), [54, 10, 10, 1], 44, 64, 1], None], [[0, 1, (44, -15), (-2, 8), [110, 64, 10, 1], 42, 64, 1], None]]]]
[1, 1, [256, 0, [512, 1, 64], [16, 128], [200, 10, 10, 1]], [70, [16, 128], [[[1, 0, (43, -57), (0, 0), [54, 10, 10, 1], 34, 64, 1], None], [[0, 1, (41, -7), (-3, 8), [110, 64, 10, 1], 32, 64, 1], None]]]]
[1, 1, [256, 0, [512, 1, 64], [16, 128], [200, 10, 10, 1]], [71, [16, 128], [[[1, 0, (43, -56), (0, 1), [54, 10, 10, 1], 24, 64, 1], None], [[0, 1, (37, 1), (-4, 8), [110, 64, 10, 1], 22, 64, 1], None]]]]
[1, 1, [256, 0, [512, 1, 64], [16, 128], [200, 10, 10, 1]], [72, [16, 128], [[[1, 0, (43, -54), (0, 2), [54, 10, 10, 1], 14, 64, 1], None], [[0, 1, (32, 9), (-5, 8), [110, 64, 10, 1], 12, 64, 1], None]]]]
[1, 1, [256, 0, [512, 1, 64], [16, 128], [200, 10, 10, 1]], [73, [16, 128], [[[1, 0, (43, -51), (0, 3), [54, 10, 10, 1], 4, 64, 1], None], [[0, 1, (26, 17), (-6, 8), [110, 64, 10, 1], 2, 64, 1], None]]]]
[1, 1, [256, 0, [512, 1, 64], [16, 128], [200, 10, 10, 1]], [74, [16, 128], [[[1, 0, (43, -47), (0, 4), [54, 10, 10, 1], 0, 64, 1], None], [[0, 1, (19, 25), (-7, 8), [110, 64, 10, 1], 56, 64, 1], [[2, (43, -47), 64, 0, 4]]]]]]
[1, 1, [256, 0, [512, 1, 64], [16, 128], [200, 10, 10, 1]], [75, [16, 128], [[[1, 0, (44, -43), (1, 4), [53, 10, 10, 1], 0, 64, 1], [[0, (-1, 1)]]], [[0, 1, (12, 32), (-7, 7), [110, 64, 10, 1], 46, 64, 1], None]]]]
[1, 1, [256, 0, [512, 1, 64], [16, 128], [200, 10, 10, 1]], [76, [16, 128], [[[1, 0, (45, -40), (1, 3), [52, 10, 10, 1], 0, 64, 1], [[0, (-1, 1)]]], [[0, 1, (5, 38), (-7, 6), [110, 64, 10, 1], 36, 64, 1], None]]]]
[1, 1, [256, 0, [512, 1, 64], [16, 128], [200, 10, 10, 1]], [77, [16, 128], [[[1, 0, (46, -38), (1, 2), [51, 10, 10, 1], 0, 64, 1], [[0, (-1, 1)]]], [[0, 1, (-2, 43), (-7, 5), [110, 64, 10, 1], 26, 64, 1], None]]]]
[1, 1, [256, 0, [512, 1, 64], [16, 128], [200, 10, 10, 1]], [78, [16, 128], [[[1, 0, (47, -37), (1, 1), [50, 10, 10, 1], 0, 64, 1], [[0, (-1, 1)]]], [[0, 1, (-9, 47), (-7, 4), [110, 64, 10, 1], 16, 64, 1], None]]]]
[1, 1, [256, 0, [512, 1, 64], [16, 128], [200, 10, 10, 1]], [79, [16, 128], [[[1, 0, (48, -37), (1, 0), [49, 10, 10, 1], 0, 64, 1], [[0, (-1, 1)]]], [[0, 1, (-16, 50), (-7, 3), [110, 64, 10, 1], 6, 64, 1], None]]]]
[1, 1, [256, 0, [512, 1, 64], [16, 128], [200, 10, 10, 1]], [80, [16, 128], [[[1, 0, (48, -37), (0, 0), [49, 10, 10, 1], 17, 64, 1], None], [[0, 1, (-23, 52), (-7, 2), [110, 64, 10, 1], 60, 64, 1], [[2, (48, -37), 64, 27, 4]]]]]]
[1, 1, [256, 0, [512, 1, 64], [16, 128], [200, 10, 10, 1]], [81, [16, 128], [[[1, 0, (47, -37), (-1, 0), [49, 10, 10, 1], 7, 64, 1], None], [[0, 1, (-30, 53), (-7, 1), [110, 64, 10, 1], 50, 64, 1], None]]]]
[1, 1, [256, 0, [512, 1, 64], [16, 128], [200, 10, 10, 1]], [82, [16, 128], [[[1, 0, (46, -38), (-1, -1), [48, 10, 10, 1], 5, 64, 1], [[0, (-1, 1)]]], [[0, 1, (-37, 53), (-7, 0), [110, 64, 10, 1], 40, 64, 1], None]]]]
[1, 1, [256, 0, [512, 1, 64], [16, 128], [200, 10, 10, 1]], [83, [16, 128], [[[1, 0, (45, -40), (-1, -2), [47, 10, 10, 1], 3, 64, 1], [[0, (-1, 1)]]], [[0, 1, (-44, 52), (-7, -1), [110, 64, 10, 1], 30, 64, 1], None]]]]
[1, 1, [256, 0, [512, 1, 64], [16, 128], [200, 10, 10, 1]], [84, [16, 128], [[[1, 0, (44, -43), (-1, -3), [46, 10, 10, 1], 1, 64, 1], [[0, (-1, 1)]]], [[0, 1, (-51, 50), (-7, -2), [110, 64, 10, 1], 20, 64, 1], None]]]]
[1, 1, [256, 0, [512, 1, 64], [16, 128], [200, 10, 10, 1]], [85, [16, 128], [[[1, 0, (43, -47), (-1, -4), [45, 10, 10, 1], 0, 64, 1], [[0, (-1, 1)]]], [[0, 1, (-57, 48), (-6, -2), [110, 64, 10, 1], 10, 64, 1], None]]]]
[1, 1, [256, 0, [512, 1, 64], [16, 128], [200, 10, 10, 1]], [86, [16, 128], [[[1, 0, (43, -51), (0, -4), [44, 10, 10, 1], 0, 64, 1], [[0, (-1, 1)]]], [[0, 1, (-62, 46), (-5, -2), [110, 64, 10, 1], 0, 64, 1], None]]]]
[1, 1, [256, 0, [512, 1, 64], [16, 128], [200, 10, 10, 1]], [87, [16, 128], [[[1, 0, (43, -54), (0, -3), [44, 10, 10, 1], 36, 64, 1], None], [[0, 1, (-66, 44), (-4, -2), [110, 64, 10, 1], 54, 64, 1], [[2, (43, -54), 64, 46, 4]]]]]]
[1, 1, [256, 0, [512, 1, 64], [16, 128], [200, 10, 10, 1]], [88, [16, 128], [[[1, 0, (43, -56), (0, -2), [44, 10, 10, 1], 26, 64, 1], None], [[0, 1, (-69, 42), (-3, -2), [110, 64, 10, 1], 44, 64, 1], None]]]]
[1, 1, [256, 0, [512, 1, 64], [16, 128], [200, 10, 10, 1]], [89, [16, 128], [[[1, 0, (43, -57), (0, -1), [44, 10, 10, 1], 16, 64, 1], None], [[0, 1, (-71, 40), (-2, -2), [110, 64, 10, 1], 34, 64, 1], None]]]]
[1, 1, [256, 0, [512, 1, 64], [16, 128], [200, 10, 10, 1]], [90, [16, 128], [[[1, 0, (43, -57), (0, 0), [44, 10, 10, 1], 6, 64, 1], None], [[0, 1, (-72, 39), (-1, -1), [109, 64, 10, 1], 32, 64, 1], [[0, (0, -1)]]]]]]
[1, 1, [256, 0, [512, 1, 64], [16, 128], [200, 10, 10, 1]], [91, [16, 128], [[[1, 0, (43, -56), (0, 1), [44, 10, 10, 1], 0, 64, 1], None], [[0, 1, (-72, 38), (0, -1), [109, 64, 10, 1], 22, 64, 1], None]]]]
[1, 1, [256, 0, [512, 1, 64], [16, 128], [200, 10, 10, 1]], [92, [16, 128], [[[1, 0, (43, -54), (0, 2), [44, 10, 10, 1], 0, 64, 1], None], [[0, 1, (-72, 38), (0, 0), [108, 64, 10, 1], 20, 64, 1], [[0, (1, -1)]]]]]]
[1, 1, [256, 0, [512, 1, 64], [16, 128], [200, 10, 10, 1]], [93, [16, 128], [[[1, 0, (43, -51), (0, 3), [44, 10, 10, 1], 0, 64, 1], None], [[0, 1, (-71, 38), (1, 0), [108, 64, 10, 1], 10, 64, 1], None]]]]
[1, 1, [256, 0, [512, 1, 64], [16, 128], [200, 10, 10, 1]], [94, [16, 128], [[[1, 0, (43, -47), (0, 4), [44, 10, 10, 1], 0, 64, 1], None], [[0, 1, (-69, 38), (2, 0), [108, 64, 10, 1], 0, 64, 1], None]]]]
[1, 1, [256, 0, [512, 1, 64], [16, 128], [200, 10, 10, 1]], [95, [16, 128], [[[1, 0, (44, -43), (1, 4), [43, 10, 10, 1], 0, 64, 1], [[0, (-1, 1)]]], [[0, 1, (-66, 38), (3, 0), [108, 64, 10, 1], 54, 64, 1], [[2, (43, -42), 64, 0, 4]]]]]]
[1, 1, [256, 0, [512, 1, 64], [16, 128], [200, 10, 10, 1]], [96, [16, 128], [[[1, 0, (45, -40), (1, 3), [42, 10, 10, 1], 0, 64, 1], [[0, (-1, 1)]]], [[0, 1, (-62, 38), (4, 0), [108, 64, 10, 1], 44, 64, 1], None]]]]
[1, 1, [256, 0, [512, 1, 64], [16, 128], [200, 10, 10, 1]], [97, [16, 128], [[[1, 0, (46, -38), (1, 2), [41, 10, 10, 1], 0, 64, 1], [[0, (-1, 1)]]], [[0, 1, (-57, 38), (5, 0), [108, 64, 10, 1], 34, 64, 1], None]]]]
[1, 1, [256, 0, [512, 1, 64], [16, 128], [200, 10, 10, 1]], [98, [16, 128], [[[1, 0, (47, -37), (1, 1), [40, 10, 10, 1], 0, 64, 1], [[0, (-1, 1)]]], [[0, 1, (-51, 38), (6, 0), [108, 64, 10, 1], 24, 64, 1], None]]]]
[1, 1, [256, 0, [512, 1, 64], [16, 128], [200, 10, 10, 1]], [99, [16, 128], [[[1, 0, (48, -37), (1, 0), [39, 10, 10, 1], 0, 64, 1], [[0, (-1, 1)]]], [[0, 1, (-44, 38), (7, 0), [108, 64, 10, 1], 14, 64, 1], None]]]]
[1, 1, [256, 0, [512, 1, 64], [16, 128], [200, 10, 10, 1]], [100, [16, 128], [[[1, 0, (48, -37), (0, 0), [39, 10, 10, 1], 0, 64, 1], None], [[0, 1, (-36, 38), (8, 0), [108, 64, 10, 1], 4, 64, 1], None]]]]
[1, 1, [256, 0, [512, 1, 64], [16, 128], [200, 10, 10, 1]], [101, [16, 128], [[[1, 0, (47, -37), (-1, 0), [0, 10, 10, 1], 64, 64, 1], None], [[0, 1, (-28, 37), (8, -1), [108, 64, 10, 1], 58, 64, 1], [[2, (47, -37), 64, 113, 4]]]]]]
[1, 1, [256, 0, [512, 1, 64], [16, 128], [200, 10, 10, 1]], [102, [16, 128], [[[1, 0, (45, -37), (-2, 0), [0, 10, 10, 1], 54, 64, 1], None], [[0, 1, (-20, 35), (8, -2), [108, 64, 10, 1], 48, 64, 1], None]]]]
[1, 1, [256, 0, [512, 1, 64], [16, 128], [200, 10, 10, 1]], [103, [16, 128], [[[1, 0, (42, -37), (-3, 0), [0, 10, 10, 1], 44, 64, 1], None], [[0, 1, (-12, 32), (8, -3), [108, 64, 10, 1], 38, 64, 1], None]]]]
[1, 1, [256, 0, [512, 1, 64], [16, 128], [200, 10, 10, 1]], [104, [16, 128], [[[1, 0, (38, -37), (-4, 0), [0, 10, 10, 1], 34, 64, 1], None], [[0, 1, (-4, 28), (8, -4), [108, 64, 10, 1], 28, 64, 1], None]]]]
[1, 1, [256, 0, [512, 1, 64], [16, 128], [200, 10, 10, 1]], [105, [16, 128], [[[1, 0, (33, -37), (-5, 0), [0, 10, 10, 1], 24, 64, 1], None], [[0, 1, (4, 23), (8, -5), [108, 64, 10, 1], 18, 64, 1], None]]]]
[1, 1, [256, 0, [512, 1, 64], [16, 128], [200, 10, 10, 1]], [106, [16, 128], [[[1, 0, (28, -36), (-5, 1), [0, 10, 10, 1], 14, 64, 1], None], [[0, 1, (12, 17), (8, -6), [108, 64, 10, 1], 8, 64, 1], None]]]]
[1, 2, [256, 0, [512, 1, 64], [16, 128], [200, 10, 10, 1]], [107, [16, 128], [[[1, 0, (23, -34), (-5, 2), [0, 0, 0, 0], 64, 64, 1], None], [[0, 1, (20, 10), (8, -7), [108, 64, 10, 1], 62, 64, 1], [[2, (23, -34), 64, 123, 4]]]]]]
