[1, 0, [256, 0, [512, 1, 64], [16, 128], [200, 10, 10, 1]], None]
[1, 1, [256, 0, [512, 1, 64], [16, 128], [200, 10, 10, 1]], [0, [16, 128], [[[1, 0, (-6, -48), (0, 0), [200, 10, 10, 1], 0, 64, 1], None], [[0, 1, (6, 48), (0, 0), [134, 64, 10, 1], 0, 64, 1], None]]]]
[1, 1, [256, 0, [512, 1, 64], [16, 128], [200, 10, 10, 1]], [1, [16, 128], [[[1, 0, (-6, -47), (0, 1), [200, 10, 10, 1], 36, 64, 1], None], [[0, 1, (7, 48), (1, 0), [133, 64, 10, 1], 62, 64, 1], [[0, (-1, -1)], [2, (-6, -47), 64, 46, 4]]]]]]
[1, 1, [256, 0, [512, 1, 64], [16, 128], [200, 10, 10, 1]], [2, [16, 128], [[[1, 0, (-7, -46), (-1, 1), [199, 10, 10, 1], 34, 64, 1], [[0, (1, 1)]]], [[0, 1, (9, 48), (2, 0), [132, 64, 10, 1], 60, 64, 1], [[0, (-1, -1)]]]]]]
[1, 1, [256, 0, [512, 1, 64], [16, 128], [200, 10, 10, 1]], [3, [16, 128], [[[1, 0, (-9, -45), (-2, 1), [198, 10, 10, 1], 32, 64, 1], [[0, (1, 1)]]], [[0, 1, (11, 47), (2, -1), [132, 64, 10, 1], 50, 64, 1], None]]]]
[1, 1, [256, 0, [512, 1, 64], [16, 128], [200, 10, 10, 1]], [4, [16, 128], [[[1, 0, (-12, -44), (-3, 1), [197, 10, 10, 1], 30, 64, 1], [[0, (1, 1)]]], [[0, 1, (13, 45), (2, -2), [132, 64, 10, 1], 40, 64, 1], None]]]]
[1, 1, [256, 0, [512, 1, 64], [16, 128], [200, 10, 10, 1]], [5, [16, 128], [[[1, 0, (-16, -43), (-4, 1), [196, 10, 10, 1], 28, 64, 1], [[0, (1, 1)]]], [[0, 1, (15, 42), (2, -3), [132, 64, 10, 1], 30, 64, 1], None]]]]
[1, 1, [256, 0, [512, 1, 64], [16, 128], [200, 10, 10, 1]], [6, [16, 128], [[[1, 0, (-21, -42), (-5, 1), [195, 10, 10, 1], 26, 64, 1], [[0, (1, 1)]]], [[0, 1, (17, 38), (2, -4), [132, 64, 10, 1], 20, 64, 1], None]]]]
[1, 1, [256, 0, [512, 1, 64], [16, 128], [200, 10, 10, 1]], [7, [16, 128], [[[1, 0, (-27, -41), (-6, 1), [194, 10, 10, 1], 24, 64, 1], [[0, (1, 1)]]], [[0, 1, (19, 33), (2, -5), [132, 64, 10, 1], 10, 64, 1], None]]]]
[1, 1, [256, 0, [512, 1, 64], [16, 128], [200, 10, 10, 1]], [8, [16, 128], [[[1, 0, (-34, -40), (-7, 1), [193, 10, 10, 1], 22, 64, 1], [[0, (1, 1)]]], [[0, 1, (21, 27), (2, -6), [132, 64, 10, 1], 0, 64, 1], None]]]]
[1, 1, [256, 0, [512, 1, 64], [16, 128], [200, 10, 10, 1]], [9, [16, 128], [[[1, 0, (-42, -39), (-8, 1), [192, 10, 10, 1], 43, 64, 1], [[0, (1, 1)]]], [[0, 1, (23, 20), (2, -7), [132, 64, 10, 1], 54, 64, 1], [[2, (-41, -38), 64, 93, 4]]]]]]
[1, 1, [256, 0, [512, 1, 64], [16, 128], [200, 10, 10, 1]], [10, [16, 128], [[[1, 0, (-50, -39), (-8, 0), [191, 10, 10, 1], 41, 64, 1], [[0, (1, 1)]]], [[0, 1, (24, 13), (1, -7), [132, 64, 10, 1], 44, 64, 1], None]]]]
[1, 1, [256, 0, [512, 1, 64], [16, 128], [200, 10, 10, 1]], [11, [16, 128], [[[1, 0, (-57, -39), (-7, 0), [191, 10, 10, 1], 31, 64, 1], None], [[0, 1, (24, 6), (0, -7), [132, 64, 10, 1], 34, 64, 1], None]]]]
[1, 1, [256, 0, [512, 1, 64], [16, 128], [200, 10, 10, 1]], [12, [16, 128], [[[1, 0, (-63, -39), (-6, 0), [191, 10, 10, 1], 21, 64, 1], None], [[0, 1, (23, -1), (-1, -7), [132, 64, 10, 1], 24, 64, 1], None]]]]
[1, 1, [256, 0, [512, 1, 64], [16, 128], [200, 10, 10, 1]], [13, [16, 128], [[[1, 0, (-68, -39), (-5, 0), [191, 10, 10, 1], 11, 64, 1], None], [[0, 1, (21, -8), (-2, -7), [132, 64, 10, 1], 14, 64, 1], None]]]]
[1, 1, [256, 0, [512, 1, 64], [16, 128], [200, 10, 10, 1]], [14, [16, 128], [[[1, 0, (-72, -39), (-4, 0), [191, 10, 10, 1], 1, 64, 1], None], [[0, 1, (18, -15), (-3, -7), [132, 64, 10, 1], 4, 64, 1], None]]]]
[1, 1, [256, 0, [512, 1, 64], [16, 128], [200, 10, 10, 1]], [15, [16, 128], [[[1, 0, (-75, -39), (-3, 0), [191, 10, 10, 1], 22, 64, 1], None], [[0, 1, (14, -22), (-4, -7), [132, 64, 10, 1], 58, 64, 1], [[2, (-75, -39), 64, 31, 4]]]]]]
[1, 1, [256, 0, [512, 1, 64], [16, 128], [200, 10, 10, 1]], [16, [16, 128], [[[1, 0, (-77, -39), (-2, 0), [191, 10, 10, 1], 12, 64, 1], None], [[0, 1, (10, -28), (-4, -6), [132, 64, 10, 1], 48, 64, 1], None]]]]
[1, 1, [256, 0, [512, 1, 64], [16, 128], [200, 10, 10, 1]], [17, [16, 128], [[[1, 0, (-78, -39), (-1, 0), [191, 10, 10, 1], 2, 64, 1], None], [[0, 1, (6, -33), (-4, -5), [132, 64, 10, 1], 38, 64, 1], None]]]]
[1, 1, [256, 0, [512, 1, 64], [16, 128], [200, 10, 10, 1]], [18, [16, 128], [[[1, 0, (-78, -39), (0, 0), [191, 10, 10, 1], 0, 64, 1], None], [[0, 1, (2, -37), (-4, -4), [132, 64, 10, 1], 28, 64, 1], None]]]]
[1, 1, [256, 0, [512, 1, 64], [16, 128], [200, 10, 10, 1]], [19, [16, 128], [[[1, 0, (-77, -39), (1, 0), [191, 10, 10, 1], 0, 64, 1], None], [[0, 1, (-2, -40), (-4, -3), [132, 64, 10, 1], 18, 64, 1], None]]]]
[1, 1, [256, 0, [512, 1, 64], [16, 128], [200, 10, 10, 1]], [20, [16, 128], [[[1, 0, (-75, -39), (2, 0), [191, 10, 10, 1], 0, 64, 1], None], [[0, 1, (-6, -42), (-4, -2), [132, 64, 10, 1], 8, 64, 1], None]]]]
[1, 1, [256, 0, [512, 1, 64], [16, 128], [200, 10, 10, 1]], [21, [16, 128], [[[1, 0, (-72, -39), (3, 0), [158, 10, 10, 1], 64, 64, 1], None], [[0, 1, (-10, -43), (-4, -1), [132, 64, 10, 1], 62, 64, 1], [[2, (-72, -39), 64, 107, 4]]]]]]
[1, 1, [256, 0, [512, 1, 64], [16, 128], [200, 10, 10, 1]], [22, [16, 128], [[[1, 0, (-68, -39), (4, 0), [158, 10, 10, 1], 54, 64, 1], None], [[0, 1, (-14, -43), (-4, 0), [132, 64, 10, 1], 52, 64, 1], None]]]]
[1, 1, [256, 0, [512, 1, 64], [16, 128], [200, 10, 10, 1]], [23, [16, 128], [[[1, 0, (-63, -39), (5, 0), [158, 10, 10, 1], 44, 64, 1], None], [[0, 1, (-18, -42), (-4, 1), [132, 64, 10, 1], 42, 64, 1], None]]]]
[1, 1, [256, 0, [512, 1, 64], [16, 128], [200, 10, 10, 1]], [24, [16, 128], [[[1, 0, (-57, -39), (6, 0), [158, 10, 10, 1], 34, 64, 1], None], [[0, 1, (-22, -40), (-4, 2), [132, 64, 10, 1], 32, 64, 1], None]]]]
[1, 1, [256, 0, [512, 1, 64], [16, 128], [200, 10, 10, 1]], [25, [16, 128], [[[1, 0, (-50, -39), (7, 0), [158, 10, 10, 1], 24, 64, 1], None], [[0, 1, (-26, -37), (-4, 3), [132, 64, 10, 1], 22, 64, 1], None]]]]
[1, 1, [256, 0, [512, 1, 64], [16, 128], [200, 10, 10, 1]], [26, [16, 128], [[[1, 0, (-42, -39), (8, 0), [158, 10, 10, 1], 14, 64, 1], None], [[0, 1, (-30, -33), (-4, 4), [132, 64, 10, 1], 12, 64, 1], None]]]]
[1, 1, [256, 0, [512, 1, 64], [16, 128], [200, 10, 10, 1]], [27, [16, 128], [[[1, 0, (-34, -40), (8, -1), [157, 10, 10, 1], 12, 64, 1], [[0, (1, 1)]]], [[0, 1, (-34, -28), (-4, 5), [132, 64, 10, 1], 2, 64, 1], None]]]]
[1, 1, [256, 0, [512, 1, 64], [16, 128], [200, 10, 10, 1]], [28, [16, 128], [[[1, 0, (-27, -41), (7, -1), [156, 10, 10, 1], 20, 64, 1], [[0, (1, 1)]]], [[0, 1, (-37, -23), (-3, 5), [132, 64, 10, 1], 56, 64, 1], [[2, (-26, -40), 64, 41, 4]]]]]]
[1, 1, [256, 0, [512, 1, 64], [16, 128], [200, 10, 10, 1]], [29, [16, 128], [[[1, 0, (-21, -42), (6, -1), [155, 10, 10, 1], 18, 64, 1], [[0, (1, 1)]]], [[0, 1, (-39, -18), (-2, 5), [132, 64, 10, 1], 46, 64, 1], None]]]]
[1, 1, [256, 0, [512, 1, 64], [16, 128], [200, 10, 10, 1]], [30, [16, 128], [[[1, 0, (-16, -43), (5, -1), [154, 10, 10, 1], 16, 64, 1], [[0, (1, 1)]]], [[0, 1, (-40, -13), (-1, 5), [132, 64, 10, 1], 36, 64, 1], None]]]]
[1, 1, [256, 0, [512, 1, 64], [16, 128], [200, 10, 10, 1]], [31, [16, 128], [[[1, 0, (-12, -44), (4, -1), [153, 10, 10, 1], 14, 64, 1], [[0, (1, 1)]]], [[0, 1, (-40, -8), (0, 5), [132, 64, 10, 1], 26, 64, 1], None]]]]
[1, 1, [256, 0, [512, 1, 64], [16, 128], [200, 10, 10, 1]], [32, [16, 128], [[[1, 0, (-9, -45), (3, -1), [152, 10, 10, 1], 12, 64, 1], [[0, (1, 1)]]], [[0, 1, (-39, -3), (1, 5), [132, 64, 10, 1], 16, 64, 1], None]]]]
[1, 1, [256, 0, [512, 1, 64], [16, 128], [200, 10, 10, 1]], [33, [16, 128], [[[1, 0, (-7, -46), (2, -1), [151, 10, 10, 1], 10, 64, 1], [[0, (1, 1)]]], [[0, 1, (-37, 2), (2, 5), [132, 64, 10, 1], 6, 64, 1], None]]]]
[1, 1, [256, 0, [512, 1, 64], [16, 128], [200, 10, 10, 1]], [34, [16, 128], [[[1, 0, (-6, -47), (1, -1), [150, 10, 10, 1], 8, 64, 1], [[0, (1, 1)]]], [[0, 1, (-34, 7), (3, 5), [132, 64, 10, 1], 60, 64, 1], [[2, (-5, -46), 64, 0, 4]]]]]]
[1, 1, [256, 0, [512, 1, 64], [16, 128], [200, 10, 10, 1]], [35, [16, 128], [[[1, 0, (-6, -48), (0, -1), [149, 10, 10, 1], 6, 64, 1], [[0, (1, 1)]]], [[0, 1, (-30, 12), (4, 5), [132, 64, 10, 1], 50, 64, 1], None]]]]
[1, 1, [256, 0, [512, 1, 64], [16, 128], [200, 10, 10, 1]], [36, [16, 128], [[[1, 0, (-6, -48), (0, 0), [149, 10, 10, 1], 0, 64, 1], None], [[0, 1, (-25, 17), (5, 5), [132, 64, 10, 1], 40, 64, 1], None]]]]
[1, 1, [256, 0, [512, 1, 64], [16, 128], [200, 10, 10, 1]], [37, [16, 128], [[[1, 0, (-6, -47), (0, 1), [149, 10, 10, 1], 0, 64, 1], None], [[0, 1, (-19, 22), (6, 5), [132, 64, 10, 1], 30, 64, 1], None]]]]
[1, 1, [256, 0, [512, 1, 64], [16, 128], [200, 10, 10, 1]], [38, [16, 128], [[[1, 0, (-7, -46), (-1, 1), [148, 10, 10, 1], 0, 64, 1], [[0, (1, 1)]]], [[0, 1, (-13, 26), (6, 4), [132, 64, 10, 1], 20, 64, 1], None]]]]
[1, 1, [256, 0, [512, 1, 64], [16, 128], [200, 10, 10, 1]], [39, [16, 128], [[[1, 0, (-9, -45), (-2, 1), [147, 10, 10, 1], 0, 64, 1], [[0, (1, 1)]]], [[0, 1, (-7, 29), (6, 3), [132, 64, 10, 1], 10, 64, 1], None]]]]
[1, 1, [256, 0, [512, 1, 64], [16, 128], [200, 10, 10, 1]], [40, [16, 128], [[[1, 0, (-12, -44), (-3, 1), [146, 10, 10, 1], 0, 64, 1], [[0, (1, 1)]]], [[0, 1, (-1, 31), (6, 2), [132, 64, 10, 1], 0, 64, 1], None]]]]
[1, 1, [256, 0, [512, 1, 64], [16, 128], [200, 10, 10, 1]], [41, [16, 128], [[[1, 0, (-16, -43), (-4, 1), [145, 10, 10, 1], 2, 64, 1], [[0, (1, 1)]]], [[0, 1, (5, 32), (6, 1), [132, 64, 10, 1], 54, 64, 1], [[2, (-15, -42), 64, 16, 4]]]]]]
[1, 1, [256, 0, [512, 1, 64], [16, 128], [200, 10, 10, 1]], [42, [16, 128], [[[1, 0, (-21, -42), (-5, 1), [144, 10, 10, 1], 0, 64, 1], [[0, (1, 1)]]], [[0, 1, (11, 32), (6, 0), [132, 64, 10, 1], 44, 64, 1], None]]]]
[1, 1, [256, 0, [512, 1, 64], [16, 128], [200, 10, 10, 1]], [43, [16, 128], [[[1, 0, (-27, -41), (-6, 1), [143, 10, 10, 1], 0, 64, 1], [[0, (1, 1)]]], [[0, 1, (17, 31), (6, -1), [132, 64, 10, 1], 34, 64, 1], None]]]]
[1, 1, [256, 0, [512, 1, 64], [16, 128], [200, 10, 10, 1]], [44, [16, 128], [[[1, 0, (-34, -40), (-7, 1), [142, 10, 10, 1], 0, 64, 1], [[0, (1, 1)]]], [[0, 1, (23, 29), (6, -2), [132, 64, 10, 1], 24, 64, 1], None]]]]
[1, 1, [256, 0, [512, 1, 64], [16, 128], [200, 10, 10, 1]], [45, [16, 128], [[[1, 0, (-42, -39), (-8, 1), [141, 10, 10, 1], 0, 64, 1], [[0, (1, 1)]]], [[0, 1, (29, 26), (6, -3), [132, 64, 10, 1], 14, 64, 1], None]]]]
[1, 1, [256, 0, [512, 1, 64], [16, 128], [200, 10, 10, 1]], [46, [16, 128], [[[1, 0, (-50, -39), (-8, 0), [140, 10, 10, 1], 0, 64, 1], [[0, (1, 1)]]], [[0, 1, (34, 23), (5, -3), [132, 64, 10, 1], 4, 64, 1], None]]]]
[1, 1, [256, 0, [512, 1, 64], [16, 128], [200, 10, 10, 1]], [47, [16, 128], [[[1, 0, (-57, -39), (-7, 0), [140, 10, 10, 1], 0, 64, 1], None], [[0, 1, (39, 20), (5, -3), [129, 64, 10, 1], 64, 64, 1], [[0, (-1, 0)], [2, (-57, -39), 64, 0, 4]]]]]]
[1, 1, [256, 0, [512, 1, 64], [16, 128], [200, 10, 10, 1]], [48, [16, 128], [[[1, 0, (-63, -39), (-6, 0), [140, 10, 10, 1], 0, 64, 1], None], [[0, 1, (43, 17), (4, -3), [129, 64, 10, 1], 54, 64, 1], None]]]]
[1, 1, [256, 0, [512, 1, 64], [16, 128], [200, 10, 10, 1]], [49, [16, 128], [[[1, 0, (-68, -39), (-5, 0), [140, 10, 10, 1], 0, 64, 1], None], [[0, 1, (46, 14), (3, -3), [129, 64, 10, 1], 44, 64, 1], None]]]]
[1, 1, [256, 0, [512, 1, 64], [16, 128], [200, 10, 10, 1]], [50, [16, 128], [[[1, 0, (-72, -39), (-4, 0), [140, 10, 10, 1], 0, 64, 1], None], [[0, 1, (48, 11), (2, -3), [129, 64, 10, 1], 34, 64, 1], None]]]]
[1, 1, [256, 0, [512, 1, 64], [16, 128], [200, 10, 10, 1]], [51, [16, 128], [[[1, 0, (-75, -39), (-3, 0), [140, 10, 10, 1], 0, 64, 1], None], [[0, 1, (49, 8), (1, -3), [129, 64, 10, 1], 24, 64, 1], None]]]]
[1, 1, [256, 0, [512, 1, 64], [16, 128], [200, 10, 10, 1]], [52, [16, 128], [[[1, 0, (-77, -39), (-2, 0), [140, 10, 10, 1], 0, 64, 1], None], [[0, 1, (49, 5), (0, -3), [129, 64, 10, 1], 14, 64, 1], None]]]]
[1, 1, [256, 0, [512, 1, 64], [16, 128], [200, 10, 10, 1]], [53, [16, 128], [[[1, 0, (-78, -39), (-1, 0), [140, 10, 10, 1], 0, 64, 1], None], [[0, 1, (48, 2), (-1, -3), [129, 64, 10, 1], 4, 64, 1], None]]]]
[1, 1, [256, 0, [512, 1, 64], [16, 128], [200, 10, 10, 1]], [54, [16, 128], [[[1, 0, (-78, -39), (0, 0), [140, 10, 10, 1], 0, 64, 1], None], [[0, 1, (46, -1), (-2, -3), [129, 64, 10, 1], 58, 64, 1], [[2, (-78, -39), 64, 0, 4]]]]]]
[1, 1, [256, 0, [512, 1, 64], [16, 128], [200, 10, 10, 1]], [55, [16, 128], [[[1, 0, (-77, -39), (1, 0), [140, 10, 10, 1], 0, 64, 1], None], [[0, 1, (43, -4), (-3, -3), [129, 64, 10, 1], 48, 64, 1], None]]]]
[1, 1, [256, 0, [512, 1, 64], [16, 128], [200, 10, 10, 1]], [56, [16, 128], [[[1, 0, (-75, -39), (2, 0), [140, 10, 10, 1], 0, 64, 1], None], [[0, 1, (39, -7), (-4, -3), [129, 64, 10, 1], 38, 64, 1], None]]]]
[1, 1, [256, 0, [512, 1, 64], [16, 128], [200, 10, 10, 1]], [57, [16, 128], [[[1, 0, (-72, -39), (3, 0), [140, 10, 10, 1], 0, 64, 1], None], [[0, 1, (34, -10), (-5, -3), [129, 64, 10, 1], 28, 64, 1], None]]]]
[1, 1, [256, 0, [512, 1, 64], [16, 128], [200, 10, 10, 1]], [58, [16, 128], [[[1, 0, (-68, -39), (4, 0), [140, 10, 10, 1], 0, 64, 1], None], [[0, 1, (28, -13), (-6, -3), [129, 64, 10, 1], 18, 64, 1], None]]]]
[1, 1, [256, 0, [512, 1, 64], [16, 128], [200, 10, 10, 1]], [59, [16, 128], [[[1, 0, (-63, -39), (5, 0), [140, 10, 10, 1], 0, 64, 1], None], [[0, 1, (21, -16), (-7, -3), [129, 64, 10, 1], 8, 64, 1], None]]]]
[1, 1, [256, 0, [512, 1, 64], [16, 128], [200, 10, 10, 1]], [60, [16, 128], [[[1, 0, (-57, -39), (6, 0), [140, 10, 10, 1], 4, 64, 1], None], [[0, 1, (13, -19), (-8, -3), [129, 64, 10, 1], 62, 64, 1], [[2, (-57, -39), 64, 14, 4]]]]]]
[1, 1, [256, 0, [512, 1, 64], [16, 128], [200, 10, 10, 1]], [61, [16, 128], [[[1, 0, (-50, -39), (7, 0), [140, 10, 10, 1], 0, 64, 1], None], [[0, 1, (5, -21), (-8, -2), [129, 64, 10, 1], 52, 64, 1], None]]]]
[1, 1, [256, 0, [512, 1, 64], [16, 128], [200, 10, 10, 1]], [62, [16, 128], [[[1, 0, (-42, -39), (8, 0), [140, 10, 10, 1], 0, 64, 1], None], [[0, 1, (-3, -22), (-8, -1), [129, 64, 10, 1], 42, 64, 1], None]]]]
[1, 1, [256, 0, [512, 1, 64], [16, 128], [200, 10, 10, 1]], [63, [16, 128], [[[1, 0, (-34, -40), (8, -1), [139, 10, 10, 1], 0, 64, 1], [[0, (1, 1)]]], [[0, 1, (-11, -22), (-8, 0), [129, 64, 10, 1], 32, 64, 1], None]]]]
[1, 1, [256, 0, [512, 1, 64], [16, 128], [200, 10, 10, 1]], [64, [16, 128], [[[1, 0, (-27, -41), (7, -1), [138, 10, 10, 1], 0, 64, 1], [[0, (1, 1)]]], [[0, 1, (-19, -21), (-8, 1), [129, 64, 10, 1], 22, 64, 1], None]]]]
[1, 1, [256, 0, [512, 1, 64], [16, 128], [200, 10, 10, 1]], [65, [16, 128], [[[1, 0, (-21, -42), (6, -1), [137, 10, 10, 1], 0, 64, 1], [[0, (1, 1)]]], [[0, 1, (-27, -19), (-8, 2), [129, 64, 10, 1], 12, 64, 1], None]]]]
[1, 1, [256, 0, [512, 1, 64], [16, 128], [200, 10, 10, 1]], [66, [16, 128], [[[1, 0, (-16, -43), (5, -1), [136, 10, 10, 1], 0, 64, 1], [[0, (1, 1)]]], [[0, 1, (-34, -17), (-7, 2), [129, 64, 10, 1], 2, 64, 1], None]]]]
[1, 1, [256, 0, [512, 1, 64], [16, 128], [200, 10, 10, 1]], [67, [16, 128], [[[1, 0, (-12, -44), (4, -1), [135, 10, 10, 1], 35, 64, 1], [[0, (1, 1)]]], [[0, 1, (-40, -15), (-6, 2), [129, 64, 10, 1], 56, 64, 1], [[2, (-11, -43), 64, 151, 4]]]]]]
[1, 1, [256, 0, [512, 1, 64], [16, 128], [200, 10, 10, 1]], [68, [16, 128], [[[1, 0, (-9, -45), (3, -1), [134, 10, 10, 1], 33, 64, 1], [[0, (1, 1)]]], [[0, 1, (-45, -13), (-5, 2), [129, 64, 10, 1], 46, 64, 1], None]]]]
[1, 1, [256, 0, [512, 1, 64], [16, 128], [200, 10, 10, 1]], [69, [16, 128], [[[1, 0, (-7, -46), (2, -1), [133, 10, 10, 1], 31, 64, 1], [[0, (1, 1)]]], [[0, 1, (-49, -11), (-4, 2), [129, 64, 10, 1], 36, 64, 1], None]]]]
[1, 1, [256, 0, [512, 1, 64], [16, 128], [200, 10, 10, 1]], [70, [16, 128], [[[1, 0, (-6, -47), (1, -1), [132, 10, 10, 1], 29, 64, 1], [[0, (1, 1)]]], [[0, 1, (-52, -8), (-3, 3), [128, 64, 10, 1], 34, 64, 1], [[0, (0, -1)]]]]]]
[1, 1, [256, 0, [512, 1, 64], [16, 128], [200, 10, 10, 1]], [71, [16, 128], [[[1, 0, (-6, -48), (0, -1), [131, 10, 10, 1], 27, 64, 1], [[0, (1, 1)]]], [[0, 1, (-54, -5), (-2, 3), [128, 64, 10, 1], 24, 64, 1], None]]]]
[1, 1, [256, 0, [512, 1, 64], [16, 128], [200, 10, 10, 1]], [72, [16, 128], [[[1, 0, (-6, -48), (0, 0), [131, 10, 10, 1], 17, 64, 1], None], [[0, 1, (-55, -2), (-1, 3), [128, 64, 10, 1], 14, 64, 1], None]]]]
[1, 1, [256, 0, [512, 1, 64], [16, 128], [200, 10, 10, 1]], [73, [16, 128], [[[1, 0, (-6, -47), (0, 1), [131, 10, 10, 1], 7, 64, 1], None], [[0, 1, (-55, 1), (0, 3), [128, 64, 10, 1], 4, 64, 1], None]]]]
[1, 1, [256, 0, [512, 1, 64], [16, 128], [200, 10, 10, 1]], [74, [16, 128], [[[1, 0, (-7, -46), (-1, 1), [130, 10, 10, 1], 39, 64, 1], [[0, (1, 1)]]], [[0, 1, (-54, 4), (1, 3), [128, 64, 10, 1], 58, 64, 1], [[2, (-6, -45), 64, 137, 4]]]]]]
[1, 1, [256, 0, [512, 1, 64], [16, 128], [200, 10, 10, 1]], [75, [16, 128], [[[1, 0, (-9, -45), (-2, 1), [129, 10, 10, 1], 37, 64, 1], [[0, (1, 1)]]], [[0, 1, (-52, 7), (2, 3), [128, 64, 10, 1], 48, 64, 1], None]]]]
[1, 1, [256, 0, [512, 1, 64], [16, 128], [200, 10, 10, 1]], [76, [16, 128], [[[1, 0, (-12, -44), (-3, 1), [128, 10, 10, 1], 35, 64, 1], [[0, (1, 1)]]], [[0, 1, (-49, 10), (3, 3), [128, 64, 10, 1], 38, 64, 1], None]]]]
[1, 1, [256, 0, [512, 1, 64], [16, 128], [200, 10, 10, 1]], [77, [16, 128], [[[1, 0, (-16, -43), (-4, 1), [127, 10, 10, 1], 33, 64, 1], [[0, (1, 1)]]], [[0, 1, (-45, 13), (4, 3), [128, 64, 10, 1], 28, 64, 1], None]]]]
[1, 1, [256, 0, [512, 1, 64], [16, 128], [200, 10, 10, 1]], [78, [16, 128], [[[1, 0, (-21, -42), (-5, 1), [126, 10, 10, 1], 31, 64, 1], [[0, (1, 1)]]], [[0, 1, (-40, 16), (5, 3), [128, 64, 10, 1], 18, 64, 1], None]]]]
[1, 1, [256, 0, [512, 1, 64], [16, 128], [200, 10, 10, 1]], [79, [16, 128], [[[1, 0, (-27, -41), (-6, 1), [125, 10, 10, 1], 29, 64, 1], [[0, (1, 1)]]], [[0, 1, (-34, 19), (6, 3), [128, 64, 10, 1], 8, 64, 1], None]]]]
[1, 1, [256, 0, [512, 1, 64], [16, 128], [200, 10, 10, 1]], [80, [16, 128], [[[1, 0, (-34, -40), (-7, 1), [124, 10, 10, 1], 50, 64, 1], [[0, (1, 1)]]], [[0, 1, (-27, 22), (7, 3), [128, 64, 10, 1], 62, 64, 1], [[2, (-33, -39), 64, 95, 4]]]]]]
[1, 1, [256, 0, [512, 1, 64], [16, 128], [200, 10, 10, 1]], [81, [16, 128], [[[1, 0, (-42, -39), (-8, 1), [123, 10, 10, 1], 48, 64, 1], [[0, (1, 1)]]], [[0, 1, (-19, 25), (8, 3), [128, 64, 10, 1], 52, 64, 1], None]]]]
[1, 1, [256, 0, [512, 1, 64], [16, 128], [200, 10, 10, 1]], [82, [16, 128], [[[1, 0, (-50, -39), (-8, 0), [122, 10, 10, 1], 46, 64, 1], [[0, (1, 1)]]], [[0, 1, (-11, 27), (8, 2), [128, 64, 10, 1], 42, 64, 1], None]]]]
[1, 1, [256, 0, [512, 1, 64], [16, 128], [200, 10, 10, 1]], [83, [16, 128], [[[1, 0, (-57, -39), (-7, 0), [122, 10, 10, 1], 36, 64, 1], None], [[0, 1, (-3, 28), (8, 1), [128, 64, 10, 1], 32, 64, 1], None]]]]
[1, 1, [256, 0, [512, 1, 64], [16, 128], [200, 10, 10, 1]], [84, [16, 128], [[[1, 0, (-63, -39), (-6, 0), [122, 10, 10, 1], 26, 64, 1], None], [[0, 1, (5, 28), (8, 0), [128, 64, 10, 1], 22, 64, 1], None]]]]
[1, 1, [256, 0, [512, 1, 64], [16, 128], [200, 10, 10, 1]], [85, [16, 128], [[[1, 0, (-68, -39), (-5, 0), [122, 10, 10, 1], 16, 64, 1], None], [[0, 1, (13, 27), (8, -1), [128, 64, 10, 1], 12, 64, 1], None]]]]
[1, 1, [256, 0, [512, 1, 64], [16, 128], [200, 10, 10, 1]], [86, [16, 128], [[[1, 0, (-72, -39), (-4, 0), [122, 10, 10, 1], 6, 64, 1], None], [[0, 1, (21, 25), (8, -2), [128, 64, 10, 1], 2, 64, 1], None]]]]
[1, 1, [256, 0, [512, 1, 64], [16, 128], [200, 10, 10, 1]], [87, [16, 128], [[[1, 0, (-75, -39), (-3, 0), [122, 10, 10, 1], 0, 64, 1], None], [[0, 1, (29, 22), (8, -3), [128, 64, 10, 1], 56, 64, 1], [[2, (-75, -39), 64, 0, 4]]]]]]
[1, 1, [256, 0, [512, 1, 64], [16, 128], [200, 10, 10, 1]], [88, [16, 128], [[[1, 0, (-77, -39), (-2, 0), [122, 10, 10, 1], 0, 64, 1], None], [[0, 1, (36, 19), (7, -3), [128, 64, 10, 1], 46, 64, 1], None]]]]
[1, 1, [256, 0, [512, 1, 64], [16, 128], [200, 10, 10, 1]], [89, [16, 128], [[[1, 0, (-78, -39), (-1, 0), [122, 10, 10, 1], 0, 64, 1], None], [[0, 1, (42, 16), (6, -3), [128, 64, 10, 1], 36, 64, 1], None]]]]
[1, 1, [256, 0, [512, 1, 64], [16, 128], [200, 10, 10, 1]], [90, [16, 128], [[[1, 0, (-78, -39), (0, 0), [122, 10, 10, 1], 0, 64, 1], None], [[0, 1, (47, 13), (5, -3), [128, 64, 10, 1], 26, 64, 1], None]]]]
[1, 1, [256, 0, [512, 1, 64], [16, 128], [200, 10, 10, 1]], [91, [16, 128], [[[1, 0, (-77, -39), (1, 0), [122, 10, 10, 1], 0, 64, 1], None], [[0, 1, (51, 10), (4, -3), [128, 64, 10, 1], 16, 64, 1], None]]]]
[1, 1, [256, 0, [512, 1, 64], [16, 128], [200, 10, 10, 1]], [92, [16, 128], [[[1, 0, (-75, -39), (2, 0), [122, 10, 10, 1], 0, 64, 1], None], [[0, 1, (54, 7), (3, -3), [128, 64, 10, 1], 6, 64, 1], None]]]]
[1, 1, [256, 0, [512, 1, 64], [16, 128], [200, 10, 10, 1]], [93, [16, 128], [[[1, 0, (-72, -39), (3, 0), [122, 10, 10, 1], 0, 64, 1], None], [[0, 1, (56, 4), (2, -3), [128, 64, 10, 1], 60, 64, 1], [[2, (-72, -39), 64, 0, 4]]]]]]
[1, 1, [256, 0, [512, 1, 64], [16, 128], [200, 10, 10, 1]], [94, [16, 128], [[[1, 0, (-68, -39), (4, 0), [122, 10, 10, 1], 0, 64, 1], None], [[0, 1, (57, 1), (1, -3), [128, 64, 10, 1], 50, 64, 1], None]]]]
[1, 1, [256, 0, [512, 1, 64], [16, 128], [200, 10, 10, 1]], [95, [16, 128], [[[1, 0, (-63, -39), (5, 0), [122, 10, 10, 1], 0, 64, 1], None], [[0, 1, (57, -2), (0, -3), [128, 64, 10, 1], 40, 64, 1], None]]]]
[1, 1, [256, 0, [512, 1, 64], [16, 128], [200, 10, 10, 1]], [96, [16, 128], [[[1, 0, (-57, -39), (6, 0), [122, 10, 10, 1], 0, 64, 1], None], [[0, 1, (56, -5), (-1, -3), [128, 64, 10, 1], 30, 64, 1], None]]]]
[1, 1, [256, 0, [512, 1, 64], [16, 128], [200, 10, 10, 1]], [97, [16, 128], [[[1, 0, (-50, -39), (7, 0), [122, 10, 10, 1], 0, 64, 1], None], [[0, 1, (54, -8), (-2, -3), [128, 64, 10, 1], 20, 64, 1], None]]]]
[1, 1, [256, 0, [512, 1, 64], [16, 128], [200, 10, 10, 1]], [98, [16, 128], [[[1, 0, (-42, -39), (8, 0), [122, 10, 10, 1], 0, 64, 1], None], [[0, 1, (51, -11), (-3, -3), [128, 64, 10, 1], 10, 64, 1], None]]]]
[1, 1, [256, 0, [512, 1, 64], [16, 128], [200, 10, 10, 1]], [99, [16, 128], [[[1, 0, (-34, -40), (8, -1), [121, 10, 10, 1], 0, 64, 1], [[0, (1, 1)]]], [[0, 1, (47, -14), (-4, -3), [128, 64, 10, 1], 0, 64, 1], None]]]]
[1, 1, [256, 0, [512, 1, 64], [16, 128], [200, 10, 10, 1]], [100, [16, 128], [[[1, 0, (-27, -41), (7, -1), [120, 10, 10, 1], 0, 64, 1], [[0, (1, 1)]]], [[0, 1, (42, -17), (-5, -3), [128, 64, 10, 1], 54, 64, 1], [[2, (-26, -40), 64, 0, 4]]]]]]
[1, 1, [256, 0, [512, 1, 64], [16, 128], [200, 10, 10, 1]], [101, [16, 128], [[[1, 0, (-21, -42), (6, -1), [119, 10, 10, 1], 0, 64, 1], [[0, (1, 1)]]], [[0, 1, (36, -20), (-6, -3), [128, 64, 10, 1], 44, 64, 1], None]]]]
[1, 1, [256, 0, [512, 1, 64], [16, 128], [200, 10, 10, 1]], [102, [16, 128], [[[1, 0, (-16, -43), (5, -1), [118, 10, 10, 1], 0, 64, 1], [[0, (1, 1)]]], [[0, 1, (29, -23), (-7, -3), [128, 64, 10, 1], 34, 64, 1], None]]]]
[1, 1, [256, 0, [512, 1, 64], [16, 128], [200, 10, 10, 1]], [103, [16, 128], [[[1, 0, (-12, -44), (4, -1), [117, 10, 10, 1], 0, 64, 1], [[0, (1, 1)]]], [[0, 1, (21, -26), (-8, -3), [128, 64, 10, 1], 24, 64, 1], None]]]]
[1, 1, [256, 0, [512, 1, 64], [16, 128], [200, 10, 10, 1]], [104, [16, 128], [[[1, 0, (-9, -45), (3, -1), [116, 10, 10, 1], 0, 64, 1], [[0, (1, 1)]]], [[0, 1, (13, -28), (-8, -2), [128, 64, 10, 1], 14, 64, 1], None]]]]
[1, 1, [256, 0, [512, 1, 64], [16, 128], [200, 10, 10, 1]], [105, [16, 128], [[[1, 0, (-7, -46), (2, -1), [115, 10, 10, 1], 0, 64, 1], [[0, (1, 1)]]], [[0, 1, (5, -29), (-8, -1), [128, 64, 10, 1], 4, 64, 1], None]]]]
[1, 1, [256, 0, [512, 1, 64], [16, 128], [200, 10, 10, 1]], [106, [16, 128], [[[1, 0, (-6, -47), (1, -1), [114, 10, 10, 1], 30, 64, 1], [[0, (1, 1)]]], [[0, 1, (-3, -29), (-8, 0), [128, 64, 10, 1], 58, 64, 1], [[2, (-5, -46), 64, 131, 4]]]]]]
[1, 1, [256, 0, [512, 1, 64], [16, 128], [200, 10, 10, 1]], [107, [16, 128], [[[1, 0, (-6, -48), (0, -1), [113, 10, 10, 1], 28, 64, 1], [[0, (1, 1)]]], [[0, 1, (-11, -28), (-8, 1), [128, 64, 10, 1], 48, 64, 1], None]]]]
[1, 1, [256, 0, [512, 1, 64], [16, 128], [200, 10, 10, 1]], [108, [16, 128], [[[1, 0, (-6, -48), (0, 0), [113, 10, 10, 1], 18, 64, 1], None], [[0, 1, (-19, -26), (-8, 2), [128, 64, 10, 1], 38, 64, 1], None]]]]
[1, 1, [256, 0, [512, 1, 64], [16, 128], [200, 10, 10, 1]], [109, [16, 128], [[[1, 0, (-6, -47), (0, 1), [113, 10, 10, 1], 8, 64, 1], None], [[0, 1, (-27, -23), (-8, 3), [128, 64, 10, 1], 28, 64, 1], None]]]]
[1, 1, [256, 0, [512, 1, 64], [16, 128], [200, 10, 10, 1]], [110, [16, 128], [[[1, 0, (-7, -46), (-1, 1), [112, 10, 10, 1], 6, 64, 1], [[0, (1, 1)]]], [[0, 1, (-34, -20), (-7, 3), [128, 64, 10, 1], 18, 64, 1], None]]]]
[1, 1, [256, 0, [512, 1, 64], [16, 128], [200, 10, 10, 1]], [111, [16, 128], [[[1, 0, (-9, -45), (-2, 1), [111, 10, 10, 1], 4, 64, 1], [[0, (1, 1)]]], [[0, 1, (-40, -17), (-6, 3), [128, 64, 10, 1], 8, 64, 1], None]]]]
[1, 1, [256, 0, [512, 1, 64], [16, 128], [200, 10, 10, 1]], [112, [16, 128], [[[1, 0, (-12, -44), (-3, 1), [110, 10, 10, 1], 27, 64, 1], [[0, (1, 1)]]], [[0, 1, (-45, -14), (-5, 3), [128, 64, 10, 1], 62, 64, 1], [[2, (-11, -43), 64, 103, 4]]]]]]
[1, 1, [256, 0, [512, 1, 64], [16, 128], [200, 10, 10, 1]], [113, [16, 128], [[[1, 0, (-16, -43), (-4, 1), [109, 10, 10, 1], 25, 64, 1], [[0, (1, 1)]]], [[0, 1, (-49, -11), (-4, 3), [128, 64, 10, 1], 52, 64, 1], None]]]]
[1, 1, [256, 0, [512, 1, 64], [16, 128], [200, 10, 10, 1]], [114, [16, 128], [[[1, 0, (-21, -42), (-5, 1), [108, 10, 10, 1], 23, 64, 1], [[0, (1, 1)]]], [[0, 1, (-52, -8), (-3, 3), [128, 64, 10, 1], 42, 64, 1], None]]]]
[1, 1, [256, 0, [512, 1, 64], [16, 128], [200, 10, 10, 1]], [115, [16, 128], [[[1, 0, (-27, -41), (-6, 1), [107, 10, 10, 1], 21, 64, 1], [[0, (1, 1)]]], [[0, 1, (-54, -5), (-2, 3), [128, 64, 10, 1], 32, 64, 1], None]]]]
[1, 1, [256, 0, [512, 1, 64], [16, 128], [200, 10, 10, 1]], [116, [16, 128], [[[1, 0, (-34, -40), (-7, 1), [106, 10, 10, 1], 19, 64, 1], [[0, (1, 1)]]], [[0, 1, (-55, -2), (-1, 3), [128, 64, 10, 1], 22, 64, 1], None]]]]
[1, 1, [256, 0, [512, 1, 64], [16, 128], [200, 10, 10, 1]], [117, [16, 128], [[[1, 0, (-42, -39), (-8, 1), [105, 10, 10, 1], 17, 64, 1], [[0, (1, 1)]]], [[0, 1, (-55, 1), (0, 3), [128, 64, 10, 1], 12, 64, 1], None]]]]
[1, 1, [256, 0, [512, 1, 64], [16, 128], [200, 10, 10, 1]], [118, [16, 128], [[[1, 0, (-50, -39), (-8, 0), [104, 10, 10, 1], 15, 64, 1], [[0, (1, 1)]]], [[0, 1, (-54, 4), (1, 3), [128, 64, 10, 1], 2, 64, 1], None]]]]
[1, 1, [256, 0, [512, 1, 64], [16, 128], [200, 10, 10, 1]], [119, [16, 128], [[[1, 0, (-57, -39), (-7, 0), [57, 10, 10, 1], 64, 64, 1], None], [[0, 1, (-52, 7), (2, 3), [128, 64, 10, 1], 56, 64, 1], [[2, (-57, -39), 64, 106, 4]]]]]]
[1, 1, [256, 0, [512, 1, 64], [16, 128], [200, 10, 10, 1]], [120, [16, 128], [[[1, 0, (-63, -39), (-6, 0), [57, 10, 10, 1], 54, 64, 1], None], [[0, 1, (-49, 10), (3, 3), [128, 64, 10, 1], 46, 64, 1], None]]]]
[1, 1, [256, 0, [512, 1, 64], [16, 128], [200, 10, 10, 1]], [121, [16, 128], [[[1, 0, (-68, -39), (-5, 0), [57, 10, 10, 1], 44, 64, 1], None], [[0, 1, (-45, 13), (4, 3), [128, 64, 10, 1], 36, 64, 1], None]]]]
[1, 1, [256, 0, [512, 1, 64], [16, 128], [200, 10, 10, 1]], [122, [16, 128], [[[1, 0, (-72, -39), (-4, 0), [57, 10, 10, 1], 34, 64, 1], None], [[0, 1, (-40, 16), (5, 3), [128, 64, 10, 1], 26, 64, 1], None]]]]
[1, 1, [256, 0, [512, 1, 64], [16, 128], [200, 10, 10, 1]], [123, [16, 128], [[[1, 0, (-75, -39), (-3, 0), [57, 10, 10, 1], 24, 64, 1], None], [[0, 1, (-34, 19), (6, 3), [128, 64, 10, 1], 16, 64, 1], None]]]]
[1, 1, [256, 0, [512, 1, 64], [16, 128], [200, 10, 10, 1]], [124, [16, 128], [[[1, 0, (-77, -39), (-2, 0), [57, 10, 10, 1], 14, 64, 1], None], [[0, 1, (-27, 22), (7, 3), [128, 64, 10, 1], 6, 64, 1], None]]]]
[1, 1, [256, 0, [512, 1, 64], [16, 128], [200, 10, 10, 1]], [125, [16, 128], [[[1, 0, (-78, -39), (-1, 0), [18, 10, 10, 1], 64, 64, 1], None], [[0, 1, (-19, 25), (8, 3), [128, 64, 10, 1], 60, 64, 1], [[2, (-78, -39), 64, 99, 4]]]]]]
[1, 1, [256, 0, [512, 1, 64], [16, 128], [200, 10, 10, 1]], [126, [16, 128], [[[1, 0, (-78, -39), (0, 0), [18, 10, 10, 1], 54, 64, 1], None], [[0, 1, (-11, 27), (8, 2), [128, 64, 10, 1], 50, 64, 1], None]]]]
[1, 1, [256, 0, [512, 1, 64], [16, 128], [200, 10, 10, 1]], [127, [16, 128], [[[1, 0, (-77, -39), (1, 0), [18, 10, 10, 1], 44, 64, 1], None], [[0, 1, (-3, 28), (8, 1), [128, 64, 10, 1], 40, 64, 1], None]]]]
[1, 1, [256, 0, [512, 1, 64], [16, 128], [200, 10, 10, 1]], [128, [16, 128], [[[1, 0, (-75, -39), (2, 0), [18, 10, 10, 1], 34, 64, 1], None], [[0, 1, (5, 28), (8, 0), [128, 64, 10, 1], 30, 64, 1], None]]]]
[1, 1, [256, 0, [512, 1, 64], [16, 128], [200, 10, 10, 1]], [129, [16, 128], [[[1, 0, (-72, -39), (3, 0), [18, 10, 10, 1], 24, 64, 1], None], [[0, 1, (13, 27), (8, -1), [128, 64, 10, 1], 20, 64, 1], None]]]]
[1, 1, [256, 0, [512, 1, 64], [16, 128], [200, 10, 10, 1]], [130, [16, 128], [[[1, 0, (-68, -39), (4, 0), [18, 10, 10, 1], 14, 64, 1], None], [[0, 1, (21, 25), (8, -2), [128, 64, 10, 1], 10, 64, 1], None]]]]
[1, 1, [256, 0, [512, 1, 64], [16, 128], [200, 10, 10, 1]], [131, [16, 128], [[[1, 0, (-63, -39), (5, 0), [18, 10, 10, 1], 4, 64, 1], None], [[0, 1, (29, 22), (8, -3), [128, 64, 10, 1], 0, 64, 1], None]]]]
[1, 1, [256, 0, [512, 1, 64], [16, 128], [200, 10, 10, 1]], [132, [16, 128], [[[1, 0, (-57, -39), (6, 0), [18, 10, 10, 1], 0, 64, 1], None], [[0, 1, (36, 19), (7, -3), [128, 64, 10, 1], 54, 64, 1], [[2, (-57, -39), 64, 0, 4]]]]]]
[1, 1, [256, 0, [512, 1, 64], [16, 128], [200, 10, 10, 1]], [133, [16, 128], [[[1, 0, (-50, -39), (7, 0), [18, 10, 10, 1], 0, 64, 1], None], [[0, 1, (42, 16), (6, -3), [128, 64, 10, 1], 44, 64, 1], None]]]]
[1, 1, [256, 0, [512, 1, 64], [16, 128], [200, 10, 10, 1]], [134, [16, 128], [[[1, 0, (-42, -39), (8, 0), [18, 10, 10, 1], 0, 64, 1], None], [[0, 1, (47, 13), (5, -3), [128, 64, 10, 1], 34, 64, 1], None]]]]
[1, 1, [256, 0, [512, 1, 64], [16, 128], [200, 10, 10, 1]], [135, [16, 128], [[[1, 0, (-34, -40), (8, -1), [17, 10, 10, 1], 0, 64, 1], [[0, (1, 1)]]], [[0, 1, (51, 10), (4, -3), [128, 64, 10, 1], 24, 64, 1], None]]]]
[1, 1, [256, 0, [512, 1, 64], [16, 128], [200, 10, 10, 1]], [136, [16, 128], [[[1, 0, (-27, -41), (7, -1), [16, 10, 10, 1], 0, 64, 1], [[0, (1, 1)]]], [[0, 1, (54, 7), (3, -3), [128, 64, 10, 1], 14, 64, 1], None]]]]
[1, 1, [256, 0, [512, 1, 64], [16, 128], [200, 10, 10, 1]], [137, [16, 128], [[[1, 0, (-21, -42), (6, -1), [15, 10, 10, 1], 0, 64, 1], [[0, (1, 1)]]], [[0, 1, (56, 4), (2, -3), [128, 64, 10, 1], 4, 64, 1], None]]]]
[1, 1, [256, 0, [512, 1, 64], [16, 128], [200, 10, 10, 1]], [138, [16, 128], [[[1, 0, (-16, -43), (5, -1), [14, 10, 10, 1], 0, 64, 1], [[0, (1, 1)]]], [[0, 1, (57, 1), (1, -3), [128, 64, 10, 1], 58, 64, 1], [[2, (-15, -42), 64, 0, 4]]]]]]
[1, 1, [256, 0, [512, 1, 64], [16, 128], [200, 10, 10, 1]], [139, [16, 128], [[[1, 0, (-12, -44), (4, -1), [13, 10, 10, 1], 0, 64, 1], [[0, (1, 1)]]], [[0, 1, (57, -2), (0, -3), [128, 64, 10, 1], 48, 64, 1], None]]]]
[1, 1, [256, 0, [512, 1, 64], [16, 128], [200, 10, 10, 1]], [140, [16, 128], [[[1, 0, (-9, -45), (3, -1), [12, 10, 10, 1], 0, 64, 1], [[0, (1, 1)]]], [[0, 1, (56, -5), (-1, -3), [128, 64, 10, 1], 38, 64, 1], None]]]]
[1, 1, [256, 0, [512, 1, 64], [16, 128], [200, 10, 10, 1]], [141, [16, 128], [[[1, 0, (-7, -46), (2, -1), [11, 10, 10, 1], 0, 64, 1], [[0, (1, 1)]]], [[0, 1, (54, -8), (-2, -3), [128, 64, 10, 1], 28, 64, 1], None]]]]
[1, 1, [256, 0, [512, 1, 64], [16, 128], [200, 10, 10, 1]], [142, [16, 128], [[[1, 0, (-6, -47), (1, -1), [10, 10, 10, 1], 0, 64, 1], [[0, (1, 1)]]], [[0, 1, (51, -11), (-3, -3), [128, 64, 10, 1], 18, 64, 1], None]]]]
[1, 1, [256, 0, [512, 1, 64], [16, 128], [200, 10, 10, 1]], [143, [16, 128], [[[1, 0, (-6, -48), (0, -1), [9, 10, 10, 1], 0, 64, 1], [[0, (1, 1)]]], [[0, 1, (47, -14), (-4, -3), [128, 64, 10, 1], 8, 64, 1], None]]]]
[1, 1, [256, 0, [512, 1, 64], [16, 128], [200, 10, 10, 1]], [144, [16, 128], [[[1, 0, (-6, -48), (0, 0), [9, 10, 10, 1], 0, 64, 1], None], [[0, 1, (42, -17), (-5, -3), [128, 64, 10, 1], 62, 64, 1], [[2, (-6, -48), 64, 9, 4]]]]]]
[1, 1, [256, 0, [512, 1, 64], [16, 128], [200, 10, 10, 1]], [145, [16, 128], [[[1, 0, (-6, -47), (0, 1), [9, 10, 10, 1], 0, 64, 1], None], [[0, 1, (36, -20), (-6, -3), [128, 64, 10, 1], 52, 64, 1], None]]]]
[1, 1, [256, 0, [512, 1, 64], [16, 128], [200, 10, 10, 1]], [146, [16, 128], [[[1, 0, (-7, -46), (-1, 1), [8, 10, 10, 1], 0, 64, 1], [[0, (1, 1)]]], [[0, 1, (29, -23), (-7, -3), [128, 64, 10, 1], 42, 64, 1], None]]]]
[1, 1, [256, 0, [512, 1, 64], [16, 128], [200, 10, 10, 1]], [147, [16, 128], [[[1, 0, (-9, -45), (-2, 1), [7, 10, 10, 1], 0, 64, 1], [[0, (1, 1)]]], [[0, 1, (21, -26), (-8, -3), [128, 64, 10, 1], 32, 64, 1], None]]]]
[1, 1, [256, 0, [512, 1, 64], [16, 128], [200, 10, 10, 1]], [148, [16, 128], [[[1, 0, (-12, -44), (-3, 1), [6, 10, 10, 1], 0, 64, 1], [[0, (1, 1)]]], [[0, 1, (13, -28), (-8, -2), [128, 64, 10, 1], 22, 64, 1], None]]]]
[1, 1, [256, 0, [512, 1, 64], [16, 128], [200, 10, 10, 1]], [149, [16, 128], [[[1, 0, (-16, -43), (-4, 1), [5, 10, 10, 1], 0, 64, 1], [[0, (1, 1)]]], [[0, 1, (5, -29), (-8, -1), [128, 64, 10, 1], 12, 64, 1], None]]]]
[1, 1, [256, 0, [512, 1, 64], [16, 128], [200, 10, 10, 1]], [150, [16, 128], [[[1, 0, (-21, -42), (-5, 1), [4, 10, 10, 1], 0, 64, 1], [[0, (1, 1)]]], [[0, 1, (-3, -29), (-8, 0), [128, 64, 10, 1], 2, 64, 1], None]]]]
[1, 1, [256, 0, [512, 1, 64], [16, 128], [200, 10, 10, 1]], [151, [16, 128], [[[1, 0, (-27, -41), (-6, 1), [3, 10, 10, 1], 23, 64, 1], [[0, (1, 1)]]], [[0, 1, (-11, -28), (-8, 1), [128, 64, 10, 1], 56, 64, 1], [[2, (-26, -40), 64, 102, 4]]]]]]
[1, 1, [256, 0, [512, 1, 64], [16, 128], [200, 10, 10, 1]], [152, [16, 128], [[[1, 0, (-34, -40), (-7, 1), [2, 10, 10, 1], 21, 64, 1], [[0, (1, 1)]]], [[0, 1, (-19, -26), (-8, 2), [128, 64, 10, 1], 46, 64, 1], None]]]]
[1, 1, [256, 0, [512, 1, 64], [16, 128], [200, 10, 10, 1]], [153, [16, 128], [[[1, 0, (-42, -39), (-8, 1), [1, 10, 10, 1], 19, 64, 1], [[0, (1, 1)]]], [[0, 1, (-27, -23), (-8, 3), [128, 64, 10, 1], 36, 64, 1], None]]]]
[1, 1, [256, 0, [512, 1, 64], [16, 128], [200, 10, 10, 1]], [154, [16, 128], [[[1, 0, (-50, -39), (-8, 0), [0, 10, 10, 1], 17, 64, 1], [[0, (1, 1)]]], [[0, 1, (-34, -20), (-7, 3), [128, 64, 10, 1], 26, 64, 1], None]]]]
[1, 1, [256, 0, [512, 1, 64], [16, 128], [200, 10, 10, 1]], [155, [16, 128], [[[1, 0, (-57, -39), (-7, 0), [0, 10, 10, 1], 7, 64, 1], None], [[0, 1, (-40, -17), (-6, 3), [128, 64, 10, 1], 16, 64, 1], None]]]]
[1, 1, [256, 0, [512, 1, 64], [16, 128], [200, 10, 10, 1]], [156, [16, 128], [[[1, 0, (-63, -39), (-6, 0), [0, 10, 10, 1], 0, 64, 1], None], [[0, 1, (-45, -14), (-5, 3), [128, 64, 10, 1], 6, 64, 1], None]]]]
[1, 1, [256, 0, [512, 1, 64], [16, 128], [200, 10, 10, 1]], [157, [16, 128], [[[1, 0, (-68, -39), (-5, 0), [0, 10, 10, 1], 32, 64, 1], None], [[0, 1, (-49, -11), (-4, 3), [128, 64, 10, 1], 60, 64, 1], [[2, (-68, -39), 64, 42, 4]]]]]]
[1, 1, [256, 0, [512, 1, 64], [16, 128], [200, 10, 10, 1]], [158, [16, 128], [[[1, 0, (-72, -39), (-4, 0), [0, 10, 10, 1], 22, 64, 1], None], [[0, 1, (-52, -8), (-3, 3), [128, 64, 10, 1], 50, 64, 1], None]]]]
[1, 1, [256, 0, [512, 1, 64], [16, 128], [200, 10, 10, 1]], [159, [16, 128], [[[1, 0, (-75, -39), (-3, 0), [0, 10, 10, 1], 12, 64, 1], None], [[0, 1, (-54, -5), (-2, 3), [128, 64, 10, 1], 40, 64, 1], None]]]]
[1, 1, [256, 0, [512, 1, 64], [16, 128], [200, 10, 10, 1]], [160, [16, 128], [[[1, 0, (-77, -39), (-2, 0), [0, 10, 10, 1], 2, 64, 1], None], [[0, 1, (-55, -2), (-1, 3), [128, 64, 10, 1], 30, 64, 1], None]]]]
[1, 1, [256, 0, [512, 1, 64], [16, 128], [200, 10, 10, 1]], [161, [16, 128], [[[1, 0, (-78, -39), (-1, 0), [0, 10, 10, 1], 0, 64, 1], None], [[0, 1, (-55, 1), (0, 3), [128, 64, 10, 1], 20, 64, 1], None]]]]
[1, 1, [256, 0, [512, 1, 64], [16, 128], [200, 10, 10, 1]], [162, [16, 128], [[[1, 0, (-78, -39), (0, 0), [0, 10, 10, 1], 0, 64, 1], None], [[0, 1, (-54, 4), (1, 3), [128, 64, 10, 1], 10, 64, 1], None]]]]
[1, 1, [256, 0, [512, 1, 64], [16, 128], [200, 10, 10, 1]], [163, [16, 128], [[[1, 0, (-77, -39), (1, 0), [0, 10, 10, 1], 0, 64, 1], None], [[0, 1, (-52, 7), (2, 3), [128, 64, 10, 1], 0, 64, 1], None]]]]
[1, 1, [256, 0, [512, 1, 64], [16, 128], [200, 10, 10, 1]], [164, [16, 128], [[[1, 0, (-75, -39), (2, 0), [0, 10, 10, 1], 0, 64, 1], None], [[0, 1, (-49, 10), (3, 3), [128, 64, 10, 1], 54, 64, 1], [[2, (-75, -39), 64, 0, 4]]]]]]
[1, 1, [256, 0, [512, 1, 64], [16, 128], [200, 10, 10, 1]], [165, [16, 128], [[[1, 0, (-72, -39), (3, 0), [0, 10, 10, 1], 0, 64, 1], None], [[0, 1, (-45, 13), (4, 3), [128, 64, 10, 1], 44, 64, 1], None]]]]
[1, 1, [256, 0, [512, 1, 64], [16, 128], [200, 10, 10, 1]], [166, [16, 128], [[[1, 0, (-68, -39), (4, 0), [0, 10, 10, 1], 0, 64, 1], None], [[0, 1, (-40, 16), (5, 3), [128, 64, 10, 1], 34, 64, 1], None]]]]
[1, 1, [256, 0, [512, 1, 64], [16, 128], [200, 10, 10, 1]], [167, [16, 128], [[[1, 0, (-63, -39), (5, 0), [0, 10, 10, 1], 0, 64, 1], None], [[0, 1, (-34, 19), (6, 3), [128, 64, 10, 1], 24, 64, 1], None]]]]
[1, 1, [256, 0, [512, 1, 64], [16, 128], [200, 10, 10, 1]], [168, [16, 128], [[[1, 0, (-57, -39), (6, 0), [0, 10, 10, 1], 0, 64, 1], None], [[0, 1, (-27, 22), (7, 3), [128, 64, 10, 1], 14, 64, 1], None]]]]
[1, 1, [256, 0, [512, 1, 64], [16, 128], [200, 10, 10, 1]], [169, [16, 128], [[[1, 0, (-50, -39), (7, 0), [0, 10, 10, 1], 0, 64, 1], None], [[0, 1, (-19, 25), (8, 3), [128, 64, 10, 1], 4, 64, 1], None]]]]
[1, 1, [256, 0, [512, 1, 64], [16, 128], [200, 10, 10, 1]], [170, [16, 128], [[[1, 0, (-42, -39), (8, 0), [0, 10, 10, 1], 0, 64, 1], None], [[0, 1, (-11, 27), (8, 2), [128, 64, 10, 1], 58, 64, 1], [[2, (-42, -39), 64, 0, 4]]]]]]
[1, 1, [256, 0, [512, 1, 64], [16, 128], [200, 10, 10, 1]], [171, [16, 128], [[[1, 0, (-33, -39), (9, 0), [0, 10, 10, 1], 0, 64, 1], None], [[0, 1, (-3, 28), (8, 1), [128, 64, 10, 1], 48, 64, 1], None]]]]
[1, 1, [256, 0, [512, 1, 64], [16, 128], [200, 10, 10, 1]], [172, [16, 128], [[[1, 0, (-24, -38), (9, 1), [0, 10, 10, 1], 0, 64, 1], None], [[0, 1, (5, 28), (8, 0), [128, 64, 10, 1], 38, 64, 1], None]]]]
[1, 1, [256, 0, [512, 1, 64], [16, 128], [200, 10, 10, 1]], [173, [16, 128], [[[1, 0, (-15, -36), (9, 2), [0, 10, 10, 1], 0, 64, 1], None], [[0, 1, (13, 27), (8, -1), [128, 64, 10, 1], 28, 64, 1], None]]]]
[1, 1, [256, 0, [512, 1, 64], [16, 128], [200, 10, 10, 1]], [174, [16, 128], [[[1, 0, (-6, -33), (9, 3), [0, 10, 10, 1], 0, 64, 1], None], [[0, 1, (21, 25), (8, -2), [128, 64, 10, 1], 18, 64, 1], None]]]]
[1, 1, [256, 0, [512, 1, 64], [16, 128], [200, 10, 10, 1]], [175, [16, 128], [[[1, 0, (3, -29), (9, 4), [0, 10, 10, 1], 0, 64, 1], None], [[0, 1, (29, 22), (8, -3), [128, 64, 10, 1], 8, 64, 1], None]]]]
[1, 1, [256, 0, [512, 1, 64], [16, 128], [200, 10, 10, 1]], [176, [16, 128], [[[1, 0, (12, -24), (9, 5), [0, 10, 10, 1], 0, 64, 1], None], [[0, 1, (36, 19), (7, -3), [128, 64, 10, 1], 62, 64, 1], [[2, (12, -24), 64, 0, 4]]]]]]
[1, 1, [256, 0, [512, 1, 64], [16, 128], [200, 10, 10, 1]], [177, [16, 128], [[[1, 0, (21, -18), (9, 6), [0, 10, 10, 1], 0, 64, 1], None], [[0, 1, (42, 16), (6, -3), [128, 64, 10, 1], 52, 64, 1], None]]]]
[1, 1, [256, 0, [512, 1, 64], [16, 128], [200, 10, 10, 1]], [178, [16, 128], [[[1, 0, (29, -12), (8, 6), [0, 10, 10, 1], 0, 64, 1], None], [[0, 1, (47, 13), (5, -3), [128, 64, 10, 1], 42, 64, 1], None]]]]
[1, 1, [256, 0, [512, 1, 64], [16, 128], [200, 10, 10, 1]], [179, [16, 128], [[[1, 0, (36, -6), (7, 6), [0, 10, 10, 1], 0, 64, 1], None], [[0, 1, (51, 10), (4, -3), [128, 64, 10, 1], 32, 64, 1], None]]]]
[1, 1, [256, 0, [512, 1, 64], [16, 128], [200, 10, 10, 1]], [180, [16, 128], [[[1, 0, (42, 0), (6, 6), [0, 10, 10, 1], 0, 64, 1], None], [[0, 1, (54, 7), (3, -3), [128, 64, 10, 1], 22, 64, 1], None]]]]
[1, 1, [256, 0, [512, 1, 64], [16, 128], [200, 10, 10, 1]], [181, [16, 128], [[[1, 0, (47, 6), (5, 6), [0, 10, 10, 1], 0, 64, 1], None], [[0, 1, (56, 4), (2, -3), [128, 64, 10, 1], 12, 64, 1], None]]]]
[1, 1, [256, 0, [512, 1, 64], [16, 128], [200, 10, 10, 1]], [182, [16, 128], [[[1, 0, (51, 12), (4, 6), [0, 10, 10, 1], 0, 64, 1], None], [[0, 1, (57, 1), (1, -3), [128, 64, 10, 1], 2, 64, 1], None]]]]
[1, 2, [256, 0, [512, 1, 64], [16, 128], [200, 10, 10, 1]], [183, [16, 128], [[[1, 0, (54, 18), (3, 6), [0, 0, 0, 0], 64, 64, 1], None], [[0, 1, (57, -2), (0, -3), [128, 64, 10, 1], 56, 64, 1], [[2, (54, 18), 64, 116, 4]]]]]]
