join: [1, 0, [256, 0, [512, 1, 64], [16, 128], [64, 48, 14, 1]], None]
start: [1, 1, [256, 0, [512, 1, 64], [16, 128], [64, 48, 14, 1]], [0, [16, 128], [[[1, 0, (48, -46), (0, 0), [64, 48, 14, 1], 0, 64, 1], None], [[0, 1, (-48, 46), (0, 0), [100, 10, 10, 1], 0, 64, 1], None]]]]
commands: [1, 1, [256, 0, [512, 1, 64], [16, 128], [64, 48, 14, 1]], [1, [16, 128], [[[1, 0, (48, -47), (0, -1), [63, 48, 14, 1], 0, 64, 1], [[0, (-1, 1)]]], [[0, 1, (-47, 46), (1, 0), [100, 10, 10, 1], 0, 64, 1], None]]]]
commands: [1, 1, [256, 0, [512, 1, 64], [16, 128], [64, 48, 14, 1]], [2, [16, 128], [[[1, 0, (48, -49), (0, -2), [62, 48, 14, 1], 0, 64, 1], [[0, (-1, 1)]]], [[0, 1, (-46, 47), (1, 1), [99, 10, 10, 1], 0, 64, 1], [[0, (1, -1)]]]]]]
commands: [1, 1, [256, 0, [512, 1, 64], [16, 128], [64, 48, 14, 1]], [3, [16, 128], [[[1, 0, (49, -51), (1, -2), [61, 48, 14, 1], 0, 64, 1], [[0, (-1, 1)]]], [[0, 1, (-46, 48), (0, 1), [98, 10, 10, 1], 0, 64, 1], [[0, (1, -1)]]]]]]
commands: [1, 1, [256, 0, [512, 1, 64], [16, 128], [64, 48, 14, 1]], [4, [16, 128], [[[1, 0, (51, -53), (2, -2), [60, 48, 14, 1], 0, 64, 1], [[0, (-1, 1)]]], [[0, 1, (-46, 48), (0, 0), [98, 10, 10, 1], 0, 64, 1], None]]]]
commands: [1, 1, [256, 0, [512, 1, 64], [16, 128], [64, 48, 14, 1]], [5, [16, 128], [[[1, 0, (54, -55), (3, -2), [59, 48, 14, 1], 0, 64, 1], [[0, (-1, 1)]]], [[0, 1, (-46, 47), (0, -1), [98, 10, 10, 1], 0, 64, 1], None]]]]
commands: [1, 1, [256, 0, [512, 1, 64], [16, 128], [64, 48, 14, 1]], [6, [16, 128], [[[1, 0, (58, -57), (4, -2), [58, 48, 14, 1], 0, 64, 1], [[0, (-1, 1)]]], [[0, 1, (-47, 46), (-1, -1), [97, 10, 10, 1], 0, 64, 1], [[0, (1, -1)]]]]]]
commands: [1, 1, [256, 0, [512, 1, 64], [16, 128], [64, 48, 14, 1]], [7, [16, 128], [[[1, 0, (62, -60), (4, -3), [57, 48, 14, 1], 0, 64, 1], [[0, (-1, 1)]]], [[0, 1, (-48, 46), (-1, 0), [96, 10, 10, 1], 0, 64, 1], [[0, (1, -1)]]]]]]
commands: [1, 1, [256, 0, [512, 1, 64], [16, 128], [64, 48, 14, 1]], [8, [16, 128], [[[1, 0, (66, -64), (4, -4), [56, 48, 14, 1], 0, 64, 1], [[0, (-1, 1)]]], [[0, 1, (-48, 46), (0, 0), [96, 10, 10, 1], 0, 64, 1], None]]]]
commands: [1, 1, [256, 0, [512, 1, 64], [16, 128], [64, 48, 14, 1]], [9, [16, 128], [[[1, 0, (70, -69), (4, -5), [55, 48, 14, 1], 0, 64, 1], [[0, (-1, 1)]]], [[0, 1, (-47, 46), (1, 0), [96, 10, 10, 1], 0, 64, 1], None]]]]
commands: [1, 1, [256, 0, [512, 1, 64], [16, 128], [64, 48, 14, 1]], [10, [16, 128], [[[1, 0, (74, -75), (4, -6), [54, 48, 14, 1], 0, 64, 1], [[0, (-1, 1)]]], [[0, 1, (-46, 47), (1, 1), [95, 10, 10, 1], 0, 64, 1], [[0, (1, -1)]]]]]]
commands: [1, 1, [256, 0, [512, 1, 64], [16, 128], [64, 48, 14, 1]], [11, [16, 128], [[[1, 0, (79, -81), (5, -6), [53, 48, 14, 1], 0, 64, 1], [[0, (-1, 1)]]], [[0, 1, (-46, 48), (0, 1), [94, 10, 10, 1], 0, 64, 1], [[0, (1, -1)]]]]]]
commands: [1, 1, [256, 0, [512, 1, 64], [16, 128], [64, 48, 14, 1]], [12, [16, 128], [[[1, 0, (85, -87), (6, -6), [52, 48, 14, 1], 0, 64, 1], [[0, (-1, 1)]]], [[0, 1, (-46, 48), (0, 0), [94, 10, 10, 1], 0, 64, 1], None]]]]
commands: [1, 1, [256, 0, [512, 1, 64], [16, 128], [64, 48, 14, 1]], [13, [16, 128], [[[1, 0, (92, -93), (7, -6), [51, 48, 14, 1], 0, 64, 1], [[0, (-1, 1)]]], [[0, 1, (-46, 47), (0, -1), [94, 10, 10, 1], 0, 64, 1], None]]]]
commands: [1, 1, [256, 0, [512, 1, 64], [16, 128], [64, 48, 14, 1]], [14, [16, 128], [[[1, 0, (100, -99), (8, -6), [50, 48, 14, 1], 0, 64, 1], [[0, (-1, 1)]]], [[0, 1, (-47, 46), (-1, -1), [93, 10, 10, 1], 0, 64, 1], [[0, (1, -1)]]]]]]
commands: [1, 1, [256, 0, [512, 1, 64], [16, 128], [64, 48, 14, 1]], [15, [16, 128], [[[1, 0, (108, -106), (8, -7), [49, 48, 14, 1], 0, 64, 1], [[0, (-1, 1)]]], [[0, 1, (-48, 46), (-1, 0), [92, 10, 10, 1], 0, 64, 1], [[0, (1, -1)]]]]]]
commands: [1, 1, [256, 0, [512, 1, 64], [16, 128], [64, 48, 14, 1]], [16, [16, 128], [[[1, 0, (116, -114), (8, -8), [48, 48, 14, 1], 0, 64, 1], [[0, (-1, 1)]]], [[0, 1, (-48, 46), (0, 0), [92, 10, 10, 1], 0, 64, 1], None]]]]
commands: [1, 1, [256, 0, [512, 1, 64], [16, 128], [64, 48, 14, 1]], [17, [16, 128], [[[1, 0, (124, -123), (8, -9), [47, 48, 14, 1], 0, 64, 1], [[0, (-1, 1)]]], [[0, 1, (-47, 46), (1, 0), [92, 10, 10, 1], 0, 64, 1], None]]]]
commands: [1, 1, [256, 0, [512, 1, 64], [16, 128], [64, 48, 14, 1]], [18, [16, 128], [[[1, 0, (132, -133), (8, -10), [41, 48, 14, 1], 0, 64, 1], [[0, (-1, 1)]]], [[0, 1, (-46, 47), (1, 1), [91, 10, 10, 1], 0, 64, 1], [[0, (1, -1)]]]]]]
commands: [1, 1, [256, 0, [512, 1, 64], [16, 128], [64, 48, 14, 1]], [19, [16, 128], [[[1, 0, (141, -143), (9, -10), [25, 48, 14, 1], 0, 64, 1], [[0, (-1, 1)]]], [[0, 1, (-46, 48), (0, 1), [90, 10, 10, 1], 0, 64, 1], [[0, (1, -1)]]]]]]
commands: [1, 1, [256, 0, [512, 1, 64], [16, 128], [64, 48, 14, 1]], [20, [16, 128], [[[1, 0, (151, -153), (10, -10), [0, 47, 14, 1], 0, 64, 1], [[0, (-1, 1)]]], [[0, 1, (-46, 48), (0, 0), [90, 10, 10, 1], 0, 64, 1], None]]]]
commands: [1, 1, [256, 0, [512, 1, 64], [16, 128], [64, 48, 14, 1]], [21, [16, 128], [[[1, 0, (161, -162), (10, -9), [0, 13, 14, 1], 0, 64, 1], None], [[0, 1, (-46, 47), (0, -1), [90, 10, 10, 1], 0, 64, 1], None]]]]
commands: [1, 2, [256, 0, [512, 1, 64], [16, 128], [64, 48, 14, 1]], [22, [16, 128], [[[1, 0, (171, -170), (10, -8), [0, 0, 0, 0], 0, 64, 1], None], [[0, 1, (-47, 46), (-1, -1), [89, 10, 10, 1], 0, 64, 1], [[0, (1, -1)]]]]]]
