[1, 0, [256, 0, [512, 1, 64], [16, 128], [200, 10, 10, 1]], None]
[1, 1, [256, 0, [512, 1, 64], [16, 128], [200, 10, 10, 1]], [0, [16, 128], [[[1, 0, (3, -48), (0, 0), [200, 10, 10, 1], 0, 64, 1], None], [[0, 1, (-3, 48), (0, 0), [134, 64, 10, 1], 0, 64, 1], None]]]]
[1, 1, [256, 0, [512, 1, 64], [16, 128], [200, 10, 10, 1]], [1, [16, 128], [[[1, 0, (3, -47), (0, 1), [200, 10, 10, 1], 0, 64, 1], None], [[0, 1, (-4, 47), (-1, -1), [133, 64, 10, 1], 0, 64, 1], [[0, (1, 0)]]]]]]
[1, 1, [256, 0, [512, 1, 64], [16, 128], [200, 10, 10, 1]], [2, [16, 128], [[[1, 0, (4, -46), (1, 1), [199, 10, 10, 1], 0, 64, 1], [[0, (-1, 1)]]], [[0, 1, (-6, 46), (-2, -1), [132, 64, 10, 1], 0, 64, 1], [[0, (1, -1)]]]]]]
[1, 1, [256, 0, [512, 1, 64], [16, 128], [200, 10, 10, 1]], [3, [16, 128], [[[1, 0, (6, -45), (2, 1), [198, 10, 10, 1], 0, 64, 1], [[0, (-1, 1)]]], [[0, 1, (-8, 44), (-2, -2), [132, 64, 10, 1], 0, 64, 1], None]]]]
[1, 1, [256, 0, [512, 1, 64], [16, 128], [200, 10, 10, 1]], [4, [16, 128], [[[1, 0, (9, -42), (3, 3), [197, 10, 10, 1], 0, 64, 1], [[0, (-1, -1)]]], [[0, 1, (-10, 41), (-2, -3), [132, 64, 10, 1], 0, 64, 1], None]]]]
[1, 1, [256, 0, [512, 1, 64], [16, 128], [200, 10, 10, 1]], [5, [16, 128], [[[1, 0, (12, -38), (3, 4), [197, 10, 10, 1], 0, 64, 1], None], [[0, 1, (-12, 37), (-2, -4), [132, 64, 10, 1], 0, 64, 1], None]]]]
[1, 1, [256, 0, [512, 1, 64], [16, 128], [200, 10, 10, 1]], [6, [16, 128], [[[1, 0, (15, -33), (3, 5), [197, 10, 10, 1], 0, 64, 1], None], [[0, 1, (-14, 32), (-2, -5), [132, 64, 10, 1], 54, 64, 1], [[2, (15, -33), 64, 0, 4]]]]]]
[1, 1, [256, 0, [512, 1, 64], [16, 128], [200, 10, 10, 1]], [7, [16, 128], [[[1, 0, (18, -27), (3, 6), [197, 10, 10, 1], 0, 64, 1], None], [[0, 1, (-16, 26), (-2, -6), [132, 64, 10, 1], 44, 64, 1], None]]]]
[1, 1, [256, 0, [512, 1, 64], [16, 128], [200, 10, 10, 1]], [8, [16, 128], [[[1, 0, (21, -20), (3, 7), [197, 10, 10, 1], 0, 64, 1], None], [[0, 1, (-18, 19), (-2, -7), [132, 64, 10, 1], 34, 64, 1], None]]]]
[1, 1, [256, 0, [512, 1, 64], [16, 128], [200, 10, 10, 1]], [9, [16, 128], [[[1, 0, (23, -13), (2, 7), [197, 10, 10, 1], 0, 64, 1], None], [[0, 1, (-20, 11), (-2, -8), [132, 64, 10, 1], 24, 64, 1], None]]]]
[1, 1, [256, 0, [512, 1, 64], [16, 128], [200, 10, 10, 1]], [10, [16, 128], [[[1, 0, (24, -6), (1, 7), [197, 10, 10, 1], 0, 64, 1], None], [[0, 1, (-21, 3), (-1, -8), [132, 64, 10, 1], 14, 64, 1], None]]]]
[1, 1, [256, 0, [512, 1, 64], [16, 128], [200, 10, 10, 1]], [11, [16, 128], [[[1, 0, (24, 1), (0, 7), [197, 10, 10, 1], 0, 64, 1], None], [[0, 1, (-21, -5), (0, -8), [132, 64, 10, 1], 4, 64, 1], None]]]]
[1, 1, [256, 0, [512, 1, 64], [16, 128], [200, 10, 10, 1]], [12, [16, 128], [[[1, 0, (23, 8), (-1, 7), [197, 10, 10, 1], 0, 64, 1], None], [[0, 1, (-20, -13), (1, -8), [132, 64, 10, 1], 58, 64, 1], [[2, (23, 8), 64, 0, 4]]]]]]
[1, 1, [256, 0, [512, 1, 64], [16, 128], [200, 10, 10, 1]], [13, [16, 128], [[[1, 0, (21, 15), (-2, 7), [197, 10, 10, 1], 0, 64, 1], None], [[0, 1, (-18, -21), (2, -8), [132, 64, 10, 1], 48, 64, 1], None]]]]
[1, 1, [256, 0, [512, 1, 64], [16, 128], [200, 10, 10, 1]], [14, [16, 128], [[[1, 0, (18, 22), (-3, 7), [197, 10, 10, 1], 0, 64, 1], None], [[0, 1, (-16, -28), (2, -7), [132, 64, 10, 1], 38, 64, 1], None]]]]
[1, 1, [256, 0, [512, 1, 64], [16, 128], [200, 10, 10, 1]], [15, [16, 128], [[[1, 0, (15, 28), (-3, 6), [197, 10, 10, 1], 0, 64, 1], None], [[0, 1, (-14, -34), (2, -6), [132, 64, 10, 1], 28, 64, 1], None]]]]
[1, 1, [256, 0, [512, 1, 64], [16, 128], [200, 10, 10, 1]], [16, [16, 128], [[[1, 0, (12, 33), (-3, 5), [197, 10, 10, 1], 0, 64, 1], None], [[0, 1, (-11, -39), (3, -5), [131, 64, 10, 1], 26, 64, 1], [[0, (-1, 0)]]]]]]
[1, 1, [256, 0, [512, 1, 64], [16, 128], [200, 10, 10, 1]], [17, [16, 128], [[[1, 0, (9, 37), (-3, 4), [197, 10, 10, 1], 0, 64, 1], None], [[0, 1, (-8, -43), (3, -4), [131, 64, 10, 1], 16, 64, 1], None]]]]
[1, 1, [256, 0, [512, 1, 64], [16, 128], [200, 10, 10, 1]], [18, [16, 128], [[[1, 0, (6, 40), (-3, 3), [197, 10, 10, 1], 0, 64, 1], None], [[0, 1, (-5, -46), (3, -3), [131, 64, 10, 1], 6, 64, 1], None]]]]
[1, 1, [256, 0, [512, 1, 64], [16, 128], [200, 10, 10, 1]], [19, [16, 128], [[[1, 0, (3, 42), (-3, 2), [197, 10, 10, 1], 0, 64, 1], None], [[0, 1, (-2, -48), (3, -2), [131, 64, 10, 1], 0, 64, 1], None]]]]
[1, 1, [256, 0, [512, 1, 64], [16, 128], [200, 10, 10, 1]], [20, [16, 128], [[[1, 0, (0, 43), (-3, 1), [197, 10, 10, 1], 0, 64, 1], None], [[0, 1, (1, -49), (3, -1), [131, 64, 10, 1], 0, 64, 1], None]]]]
[1, 1, [256, 0, [512, 1, 64], [16, 128], [200, 10, 10, 1]], [21, [16, 128], [[[1, 0, (-3, 43), (-3, 0), [197, 10, 10, 1], 0, 64, 1], None], [[0, 1, (4, -49), (3, 0), [131, 64, 10, 1], 0, 64, 1], None]]]]
[1, 1, [256, 0, [512, 1, 64], [16, 128], [200, 10, 10, 1]], [22, [16, 128], [[[1, 0, (-6, 42), (-3, -1), [197, 10, 10, 1], 0, 64, 1], None], [[0, 1, (7, -48), (3, 1), [131, 64, 10, 1], 0, 64, 1], None]]]]
[1, 1, [256, 0, [512, 1, 64], [16, 128], [200, 10, 10, 1]], [23, [16, 128], [[[1, 0, (-9, 40), (-3, -2), [197, 10, 10, 1], 0, 64, 1], None], [[0, 1, (10, -46), (3, 2), [131, 64, 10, 1], 0, 64, 1], None]]]]
[1, 1, [256, 0, [512, 1, 64], [16, 128], [200, 10, 10, 1]], [24, [16, 128], [[[1, 0, (-12, 37), (-3, -3), [197, 10, 10, 1], 0, 64, 1], None], [[0, 1, (13, -43), (3, 3), [131, 64, 10, 1], 0, 64, 1], None]]]]
[1, 1, [256, 0, [512, 1, 64], [16, 128], [200, 10, 10, 1]], [25, [16, 128], [[[1, 0, (-15, 33), (-3, -4), [197, 10, 10, 1], 0, 64, 1], None], [[0, 1, (16, -39), (3, 4), [131, 64, 10, 1], 0, 64, 1], None]]]]
