[1, 0, [256, 0, [512, 1, 64], [16, 128], [200, 10, 10, 1]], None]
[1, 1, [256, 0, [512, 1, 64], [16, 128], [200, 10, 10, 1]], [0, [16, 128], [[[1, 0, (3, -48), (0, 0), [200, 10, 10, 1], 0, 64, 1], None], [[0, 1, (-3, 48), (0, 0), [1, 1, 1, 1], 0, 64, 1], None]]]]
[1, 1, [256, 0, [512, 1, 64], [16, 128], [200, 10, 10, 1]], [1, [16, 128], [[[1, 0, (3, -47), (0, 1), [200, 10, 10, 1], 0, 64, 1], [[2, (-3, 47), 6, 0, 4]]], [[0, 1, (-3, 47), (0, -1), [1, 1, 1, 1], 0, 64, 1], None]]]]
[1, 1, [256, 0, [512, 1, 64], [16, 128], [200, 10, 10, 1]], [2, [16, 128], [[[1, 0, (3, -45), (0, 2), [200, 10, 10, 1], 0, 64, 1], [[2, (-3, 45), 6, 0, 4]]], [[0, 1, (-3, 45), (0, -2), [1, 1, 1, 1], 0, 64, 1], None]]]]
[1, 1, [256, 0, [512, 1, 64], [16, 128], [200, 10, 10, 1]], [3, [16, 128], [[[1, 0, (3, -42), (0, 3), [200, 10, 10, 1], 0, 64, 1], [[2, (-3, 42), 6, 0, 4]]], [[0, 1, (-3, 42), (0, -3), [1, 1, 1, 1], 0, 64, 1], None]]]]
[1, 1, [256, 0, [512, 1, 64], [16, 128], [200, 10, 10, 1]], [4, [16, 128], [[[1, 0, (3, -38), (0, 4), [200, 10, 10, 1], 0, 64, 1], [[2, (-3, 38), 6, 0, 4]]], [[0, 1, (-3, 38), (0, -4), [1, 1, 1, 1], 0, 64, 1], None]]]]
[1, 1, [256, 0, [512, 1, 64], [16, 128], [200, 10, 10, 1]], [5, [16, 128], [[[1, 0, (3, -33), (0, 5), [200, 10, 10, 1], 0, 64, 1], [[2, (-3, 33), 6, 0, 4]]], [[0, 1, (-3, 33), (0, -5), [1, 1, 1, 1], 0, 64, 1], None]]]]
[1, 1, [256, 0, [512, 1, 64], [16, 128], [200, 10, 10, 1]], [6, [16, 128], [[[1, 0, (3, -27), (0, 6), [200, 10, 10, 1], 0, 64, 1], [[2, (-3, 27), 6, 0, 4]]], [[0, 1, (-3, 27), (0, -6), [1, 1, 1, 1], 0, 64, 1], None]]]]
[1, 1, [256, 0, [512, 1, 64], [16, 128], [200, 10, 10, 1]], [7, [16, 128], [[[1, 0, (3, -20), (0, 7), [200, 10, 10, 1], 0, 64, 1], [[2, (-3, 20), 6, 0, 4]]], [[0, 1, (-3, 20), (0, -7), [1, 1, 1, 1], 0, 64, 1], None]]]]
[1, 2, [256, 0, [512, 1, 64], [16, 128], [200, 10, 10, 1]], [8, [16, 128], [[[1, 0, (3, -12), (0, 8), [0, 0, 0, 0], 0, 64, 1], None], [[0, 1, (-3, 12), (0, -8), [0, 0, 0, 0], 0, 64, 1], None]]]]
