[1, 0, [256, 0, [512, 1, 64], [16, 128], [200, 10, 10, 1]], None]
[1, 1, [256, 0, [512, 1, 64], [16, 128], [200, 10, 10, 1]], [0, [16, 128], [[[1, 0, (3, 48), (0, 0), [200, 10, 10, 1], 0, 64, 1], None], [[0, 1, (-3, -48), (0, 0), [27, 96, 8, 1], 0, 64, 1], None]]]]
[1, 1, [256, 0, [512, 1, 64], [16, 128], [200, 10, 10, 1]], [1, [16, 128], [[[1, 0, (3, 47), (0, -1), [115, 10, 10, 1], 64, 64, 1], None], [[0, 1, (-3, -47), (0, 1), [3, 96, 8, 1], 64, 64, 1], [[2, (3, 47), 96, 159, 4]]]]]]
[1, 1, [256, 0, [512, 1, 64], [16, 128], [200, 10, 10, 1]], [2, [16, 128], [[[1, 0, (4, 46), (1, -1), [114, 10, 10, 1], 62, 64, 1], [[0, (-1, -1)]]], [[0, 1, (-3, -45), (0, 2), [3, 96, 8, 1], 56, 64, 1], None]]]]
[1, 1, [256, 0, [512, 1, 64], [16, 128], [200, 10, 10, 1]], [3, [16, 128], [[[1, 0, (6, 45), (2, -1), [113, 10, 10, 1], 60, 64, 1], [[0, (-1, -1)]]], [[0, 1, (-3, -42), (0, 3), [3, 96, 8, 1], 48, 64, 1], None]]]]
[1, 1, [256, 0, [512, 1, 64], [16, 128], [200, 10, 10, 1]], [4, [16, 128], [[[1, 0, (9, 44), (3, -1), [112, 10, 10, 1], 58, 64, 1], [[0, (-1, -1)]]], [[0, 1, (-3, -38), (0, 4), [3, 96, 8, 1], 40, 64, 1], None]]]]
[1, 1, [256, 0, [512, 1, 64], [16, 128], [200, 10, 10, 1]], [5, [16, 128], [[[1, 0, (13, 43), (4, -1), [111, 10, 10, 1], 56, 64, 1], [[0, (-1, -1)]]], [[0, 1, (-3, -33), (0, 5), [3, 96, 8, 1], 32, 64, 1], None]]]]
[1, 1, [256, 0, [512, 1, 64], [16, 128], [200, 10, 10, 1]], [6, [16, 128], [[[1, 0, (18, 42), (5, -1), [107, 10, 10, 1], 64, 64, 1], [[0, (-1, -1)]]], [[0, 1, (-3, -27), (0, 6), [0, 43, 8, 1], 64, 64, 1], [[2, (17, 41), 96, 52, 4]]]]]]
[1, 1, [256, 0, [512, 1, 64], [16, 128], [200, 10, 10, 1]], [7, [16, 128], [[[1, 0, (24, 41), (6, -1), [106, 10, 10, 1], 62, 64, 1], [[0, (-1, -1)]]], [[0, 1, (-3, -20), (0, 7), [0, 43, 8, 1], 56, 64, 1], None]]]]
[1, 2, [256, 0, [512, 1, 64], [16, 128], [200, 10, 10, 1]], [8, [16, 128], [[[1, 0, (31, 40), (7, -1), [105, 10, 10, 1], 60, 64, 1], [[0, (-1, -1)]]], [[0, 1, (-3, -12), (0, 8), [0, 0, 0, 0], 56, 64, 1], None]]]]
