join: [1, 0, [256, 0, [512, 1, 64], [16, 128], [100, 1, 1, 1]], []]
start: [1, 1, [256, 0, [512, 1, 64], [16, 128], [100, 1, 1, 1]], [0, [16, 128], [[[1, 0, (-17, 48), (0, 0), [100, 1, 1, 1], 0, 64, 1], []], [[0, 1, (17, -48), (0, 0), [100, 1, 1, 1], 0, 64, 1], []]]]]
commands: [1, 1, [256, 0, [512, 1, 64], [16, 128], [100, 1, 1, 1]], [1, [16, 128], [[[1, 0, (-17, 47), (0, -1), [100, 1, 1, 1], 0, 64, 1], []], [[0, 1, (17, -47), (0, 1), [100, 1, 1, 1], 0, 64, 1], []]]]]
commands: [1, 1, [256, 0, [512, 1, 64], [16, 128], [100, 1, 1, 1]], [2, [16, 128], [[[1, 0, (-17, 45), (0, -2), [100, 1, 1, 1], 0, 64, 1], []], [[0, 1, (17, -45), (0, 2), [100, 1, 1, 1], 0, 64, 1], []]]]]
commands: [1, 1, [256, 0, [512, 1, 64], [16, 128], [100, 1, 1, 1]], [3, [16, 128], [[[1, 0, (-17, 42), (0, -3), [100, 1, 1, 1], 0, 64, 1], []], [[0, 1, (17, -42), (0, 3), [100, 1, 1, 1], 0, 64, 1], []]]]]
commands: [1, 1, [256, 0, [512, 1, 64], [16, 128], [100, 1, 1, 1]], [4, [16, 128], [[[1, 0, (-17, 38), (0, -4), [100, 1, 1, 1], 0, 64, 1], []], [[0, 1, (17, -38), (0, 4), [100, 1, 1, 1], 0, 64, 1], []]]]]
commands: [1, 1, [256, 0, [512, 1, 64], [16, 128], [100, 1, 1, 1]], [5, [16, 128], [[[1, 0, (-17, 33), (0, -5), [100, 1, 1, 1], 0, 64, 1], []], [[0, 1, (17, -33), (0, 5), [100, 1, 1, 1], 0, 64, 1], []]]]]
commands: [1, 1, [256, 0, [512, 1, 64], [16, 128], [100, 1, 1, 1]], [6, [16, 128], [[[1, 0, (-17, 27), (0, -6), [100, 1, 1, 1], 0, 64, 1], []], [[0, 1, (17, -27), (0, 6), [100, 1, 1, 1], 0, 64, 1], []]]]]
commands: [1, 1, [256, 0, [512, 1, 64], [16, 128], [100, 1, 1, 1]], [7, [16, 128], [[[1, 0, (-17, 20), (0, -7), [100, 1, 1, 1], 0, 64, 1], []], [[0, 1, (17, -20), (0, 7), [100, 1, 1, 1], 0, 64, 1], []]]]]
commands: [1, 1, [256, 0, [512, 1, 64], [16, 128], [100, 1, 1, 1]], [8, [16, 128], [[[1, 0, (-17, 12), (0, -8), [100, 1, 1, 1], 0, 64, 1], []], [[0, 1, (17, -12), (0, 8), [100, 1, 1, 1], 0, 64, 1], []]]]]
commands: [1, 2, [256, 0, [512, 1, 64], [16, 128], [100, 1, 1, 1]], [9, [16, 128], [[[1, 0, (-16, 4), (1, -8), [0, 0, 0, 0], 0, 64, 1], []], [[0, 1, (16, -4), (-1, 8), [0, 0, 0, 0], 0, 64, 1], []]]]]
