join: [1, 0, [256, 0, [512, 1, 64], [16, 128], [100, 10, 10, 1]], []]
start: [1, 1, [256, 0, [512, 1, 64], [16, 128], [100, 10, 10, 1]], [0, [16, 128], [[[1, 0, (48, -28), (0, 0), [100, 10, 10, 1], 0, 64, 1], []], [[0, 1, (-48, 28), (0, 0), [100, 10, 10, 1], 0, 64, 1], []]]]]
commands: [1, 1, [256, 0, [512, 1, 64], [16, 128], [100, 10, 10, 1]], [1, [16, 128], [[[1, 0, (47, -28), (-1, 0), [100, 10, 10, 1], 0, 64, 1], []], [[0, 1, (-47, 28), (1, 0), [100, 10, 10, 1], 0, 64, 1], []]]]]
commands: [1, 1, [256, 0, [512, 1, 64], [16, 128], [100, 10, 10, 1]], [2, [16, 128], [[[1, 0, (45, -28), (-2, 0), [100, 10, 10, 1], 0, 64, 1], []], [[0, 1, (-46, 29), (1, 1), [99, 10, 10, 1], 0, 64, 1], [[0, (1, -1)]]]]]]
commands: [1, 1, [256, 0, [512, 1, 64], [16, 128], [100, 10, 10, 1]], [3, [16, 128], [[[1, 0, (42, -28), (-3, 0), [100, 10, 10, 1], 0, 64, 1], []], [[0, 1, (-45, 31), (1, 2), [98, 10, 10, 1], 0, 64, 1], [[0, (1, -1)]]]]]]
commands: [1, 1, [256, 0, [512, 1, 64], [16, 128], [100, 10, 10, 1]], [4, [16, 128], [[[1, 0, (38, -28), (-4, 0), [100, 10, 10, 1], 0, 64, 1], []], [[0, 1, (-44, 34), (1, 3), [97, 10, 10, 1], 0, 64, 1], [[0, (1, -1)]]]]]]
commands: [1, 1, [256, 0, [512, 1, 64], [16, 128], [100, 10, 10, 1]], [5, [16, 128], [[[1, 0, (33, -28), (-5, 0), [100, 10, 10, 1], 0, 64, 1], []], [[0, 1, (-43, 38), (1, 4), [96, 10, 10, 1], 0, 64, 1], [[0, (1, -1)]]]]]]
commands: [1, 1, [256, 0, [512, 1, 64], [16, 128], [100, 10, 10, 1]], [6, [16, 128], [[[1, 0, (27, -28), (-6, 0), [100, 10, 10, 1], 0, 64, 1], []], [[0, 1, (-42, 43), (1, 5), [95, 10, 10, 1], 0, 64, 1], [[0, (1, -1)]]]]]]
commands: [1, 1, [256, 0, [512, 1, 64], [16, 128], [100, 10, 10, 1]], [7, [16, 128], [[[1, 0, (21, -27), (-6, 1), [100, 10, 10, 1], 0, 64, 1], []], [[0, 1, (-42, 48), (0, 5), [94, 10, 10, 1], 0, 64, 1], [[0, (1, -1)]]]]]]
commands: [1, 1, [256, 0, [512, 1, 64], [16, 128], [100, 10, 10, 1]], [8, [16, 128], [[[1, 0, (15, -25), (-6, 2), [100, 10, 10, 1], 0, 64, 1], []], [[0, 1, (-42, 52), (0, 4), [94, 10, 10, 1], 0, 64, 1], []]]]]
commands: [1, 1, [256, 0, [512, 1, 64], [16, 128], [100, 10, 10, 1]], [9, [16, 128], [[[1, 0, (9, -22), (-6, 3), [100, 10, 10, 1], 0, 64, 1], []], [[0, 1, (-42, 55), (0, 3), [94, 10, 10, 1], 0, 64, 1], []]]]]
commands: [1, 1, [256, 0, [512, 1, 64], [16, 128], [100, 10, 10, 1]], [10, [16, 128], [[[1, 0, (3, -18), (-6, 4), [100, 10, 10, 1], 0, 64, 1], []], [[0, 1, (-42, 57), (0, 2), [94, 10, 10, 1], 0, 64, 1], []]]]]
commands: [1, 2, [256, 0, [512, 1, 64], [16, 128], [100, 10, 10, 1]], [11, [16, 128], [[[1, 0, (-3, -13), (-6, 5), [0, 0, 0, 0], 0, 64, 1], []], [[0, 1, (-42, 58), (0, 1), [94, 10, 10, 1], 0, 64, 1], []]]]]
