[1, 0, [256, 0, [512, 1, 64], [16, 128], [200, 10, 10, 1]], None]
[1, 1, [256, 0, [512, 1, 64], [16, 128], [200, 10, 10, 1]], [0, [16, 128], [[[1, 0, (-48, -25), (0, 0), [200, 10, 10, 1], 0, 64, 1], None], [[0, 1, (48, 25), (0, 0), [200, 10, 10, 1], 0, 64, 1], None]]]]
[1, 1, [256, 0, [512, 1, 64], [16, 128], [200, 10, 10, 1]], [1, [16, 128], [[[1, 0, (-47, -25), (1, 0), [200, 10, 10, 1], 0, 64, 1], None], [[0, 1, (47, 25), (-1, 0), [200, 10, 10, 1], 0, 64, 1], None]]]]
[1, 1, [256, 0, [512, 1, 64], [16, 128], [200, 10, 10, 1]], [2, [16, 128], [[[1, 0, (-45, -25), (2, 0), [200, 10, 10, 1], 0, 64, 1], None], [[0, 1, (46, 26), (-1, 1), [199, 10, 10, 1], 0, 64, 1], [[0, (-1, -1)]]]]]]
[1, 1, [256, 0, [512, 1, 64], [16, 128], [200, 10, 10, 1]], [3, [16, 128], [[[1, 0, (-41, -26), (4, -1), [199, 10, 10, 1], 0, 64, 1], [[0, (-1, 1)]]], [[0, 1, (45, 28), (-1, 2), [198, 10, 10, 1], 0, 64, 1], [[0, (-1, -1)]]]]]]
[1, 1, [256, 0, [512, 1, 64], [16, 128], [200, 10, 10, 1]], [4, [16, 128], [[[1, 0, (-36, -27), (5, -1), [199, 10, 10, 1], 0, 64, 1], None], [[0, 1, (44, 31), (-1, 3), [197, 10, 10, 1], 0, 64, 1], [[0, (-1, -1)]]]]]]
[1, 1, [256, 0, [512, 1, 64], [16, 128], [200, 10, 10, 1]], [5, [16, 128], [[[1, 0, (-30, -28), (6, -1), [199, 10, 10, 1], 0, 64, 1], None], [[0, 1, (43, 35), (-1, 4), [196, 10, 10, 1], 0, 64, 1], [[0, (-1, -1)]]]]]]
[1, 1, [256, 0, [512, 1, 64], [16, 128], [200, 10, 10, 1]], [6, [16, 128], [[[1, 0, (-23, -29), (7, -1), [199, 10, 10, 1], 0, 64, 1], None], [[0, 1, (42, 40), (-1, 5), [195, 10, 10, 1], 0, 64, 1], [[0, (-1, -1)]]]]]]
[1, 1, [256, 0, [512, 1, 64], [16, 128], [200, 10, 10, 1]], [7, [16, 128], [[[1, 0, (-16, -29), (7, 0), [199, 10, 10, 1], 0, 64, 1], None], [[0, 1, (41, 46), (-1, 6), [194, 10, 10, 1], 0, 64, 1], [[0, (-1, -1)]]]]]]
[1, 1, [256, 0, [512, 1, 64], [16, 128], [200, 10, 10, 1]], [8, [16, 128], [[[1, 0, (-9, -28), (7, 1), [199, 10, 10, 1], 0, 64, 1], None], [[0, 1, (41, 52), (0, 6), [193, 10, 10, 1], 0, 64, 1], [[0, (-1, -1)]]]]]]
[1, 1, [256, 0, [512, 1, 64], [16, 128], [200, 10, 10, 1]], [9, [16, 128], [[[1, 0, (-2, -26), (7, 2), [199, 10, 10, 1], 0, 64, 1], None], [[0, 1, (41, 57), (0, 5), [193, 10, 10, 1], 0, 64, 1], None]]]]
[1, 1, [256, 0, [512, 1, 64], [16, 128], [200, 10, 10, 1]], [10, [16, 128], [[[1, 0, (5, -23), (7, 3), [199, 10, 10, 1], 0, 64, 1], None], [[0, 1, (41, 61), (0, 4), [193, 10, 10, 1], 0, 64, 1], None]]]]
[1, 1, [256, 0, [512, 1, 64], [16, 128], [200, 10, 10, 1]], [11, [16, 128], [[[1, 0, (12, -19), (7, 4), [199, 10, 10, 1], 0, 64, 1], None], [[0, 1, (41, 64), (0, 3), [193, 10, 10, 1], 0, 64, 1], None]]]]
[1, 1, [256, 0, [512, 1, 64], [16, 128], [200, 10, 10, 1]], [12, [16, 128], [[[1, 0, (19, -14), (7, 5), [199, 10, 10, 1], 0, 64, 1], None], [[0, 1, (41, 66), (0, 2), [193, 10, 10, 1], 0, 64, 1], None]]]]
[1, 1, [256, 0, [512, 1, 64], [16, 128], [200, 10, 10, 1]], [13, [16, 128], [[[1, 0, (25, -9), (6, 5), [199, 10, 10, 1], 0, 64, 1], None], [[0, 1, (41, 67), (0, 1), [193, 10, 10, 1], 0, 64, 1], None]]]]
[1, 1, [256, 0, [512, 1, 64], [16, 128], [200, 10, 10, 1]], [14, [16, 128], [[[1, 0, (30, -4), (5, 5), [199, 10, 10, 1], 0, 64, 1], None], [[0, 1, (41, 67), (0, 0), [193, 10, 10, 1], 0, 64, 1], None]]]]
[1, 1, [256, 0, [512, 1, 64], [16, 128], [200, 10, 10, 1]], [15, [16, 128], [[[1, 0, (34, 1), (4, 5), [199, 10, 10, 1], 0, 64, 1], None], [[0, 1, (41, 66), (0, -1), [193, 10, 10, 1], 0, 64, 1], None]]]]
[1, 1, [256, 0, [512, 1, 64], [16, 128], [200, 10, 10, 1]], [16, [16, 128], [[[1, 0, (37, 6), (3, 5), [199, 10, 10, 1], 0, 64, 1], None], [[0, 1, (41, 64), (0, -2), [193, 10, 10, 1], 0, 64, 1], None]]]]
[1, 1, [256, 0, [512, 1, 64], [16, 128], [200, 10, 10, 1]], [17, [16, 128], [[[1, 0, (39, 11), (2, 5), [199, 10, 10, 1], 0, 64, 1], None], [[0, 1, (41, 61), (0, -3), [193, 10, 10, 1], 0, 64, 1], None]]]]
[1, 1, [256, 0, [512, 1, 64], [16, 128], [200, 10, 10, 1]], [18, [16, 128], [[[1, 0, (40, 16), (1, 5), [199, 10, 10, 1], 0, 64, 1], None], [[0, 1, (41, 57), (0, -4), [193, 10, 10, 1], 0, 64, 1], None]]]]
[1, 1, [256, 0, [512, 1, 64], [16, 128], [200, 10, 10, 1]], [19, [16, 128], [[[1, 0, (40, 21), (0, 5), [199, 10, 10, 1], 0, 64, 1], None], [[0, 1, (41, 52), (0, -5), [193, 10, 10, 1], 0, 64, 1], None]]]]
[1, 1, [256, 0, [512, 1, 64], [16, 128], [200, 10, 10, 1]], [20, [16, 128], [[[1, 0, (39, 26), (-1, 5), [199, 10, 10, 1], 0, 64, 1], None], [[0, 1, (41, 46), (0, -6), [193, 10, 10, 1], 0, 64, 1], None]]]]
[1, 1, [256, 0, [512, 1, 64], [16, 128], [200, 10, 10, 1]], [21, [16, 128], [[[1, 0, (37, 31), (-2, 5), [199, 10, 10, 1], 0, 64, 1], None], [[0, 1, (42, 40), (1, -6), [192, 10, 10, 1], 0, 64, 1], [[0, (-1, -1)]]]]]]
[1, 1, [256, 0, [512, 1, 64], [16, 128], [200, 10, 10, 1]], [22, [16, 128], [[[1, 0, (35, 37), (-2, 6), [198, 10, 10, 1], 0, 64, 1], [[0, (-1, -1)]]], [[0, 1, (43, 35), (1, -5), [191, 10, 10, 1], 0, 64, 1], [[0, (-1, -1)]]]]]]
[1, 1, [256, 0, [512, 1, 64], [16, 128], [200, 10, 10, 1]], [23, [16, 128], [[[1, 0, (33, 42), (-2, 5), [198, 10, 10, 1], 0, 64, 1], None], [[0, 1, (44, 31), (1, -4), [190, 10, 10, 1], 0, 64, 1], [[0, (-1, -1)]]]]]]
[1, 1, [256, 0, [512, 1, 64], [16, 128], [200, 10, 10, 1]], [24, [16, 128], [[[1, 0, (32, 47), (-1, 5), [197, 10, 10, 1], 0, 64, 1], [[0, (-1, -1)]]], [[0, 1, (45, 28), (1, -3), [189, 10, 10, 1], 0, 64, 1], [[0, (-1, -1)]]]]]]
[1, 1, [256, 0, [512, 1, 64], [16, 128], [200, 10, 10, 1]], [25, [16, 128], [[[1, 0, (31, 51), (-1, 4), [197, 10, 10, 1], 0, 64, 1], None], [[0, 1, (46, 26), (1, -2), [188, 10, 10, 1], 0, 64, 1], [[0, (-1, -1)]]]]]]
[1, 1, [256, 0, [512, 1, 64], [16, 128], [200, 10, 10, 1]], [26, [16, 128], [[[1, 0, (30, 54), (-1, 3), [197, 10, 10, 1], 0, 64, 1], None], [[0, 1, (47, 25), (1, -1), [187, 10, 10, 1], 0, 64, 1], [[0, (-1, -1)]]]]]]
[1, 1, [256, 0, [512, 1, 64], [16, 128], [200, 10, 10, 1]], [27, [16, 128], [[[1, 0, (30, 57), (0, 3), [196, 10, 10, 1], 0, 64, 1], [[0, (-1, -1)]]], [[0, 1, (48, 25), (1, 0), [186, 10, 10, 1], 0, 64, 1], [[0, (-1, -1)]]]]]]
[1, 1, [256, 0, [512, 1, 64], [16, 128], [200, 10, 10, 1]], [28, [16, 128], [[[1, 0, (30, 59), (0, 2), [196, 10, 10, 1], 0, 64, 1], None], [[0, 1, (48, 25), (0, 0), [186, 10, 10, 1], 0, 64, 1], None]]]]
[1, 1, [256, 0, [512, 1, 64], [16, 128], [200, 10, 10, 1]], [29, [16, 128], [[[1, 0, (30, 60), (0, 1), [196, 10, 10, 1], 0, 64, 1], None], [[0, 1, (47, 25), (-1, 0), [186, 10, 10, 1], 0, 64, 1], None]]]]
[1, 1, [256, 0, [512, 1, 64], [16, 128], [200, 10, 10, 1]], [30, [16, 128], [[[1, 0, (30, 60), (0, 0), [196, 10, 10, 1], 0, 64, 1], None], [[0, 1, (46, 26), (-1, 1), [185, 10, 10, 1], 0, 64, 1], [[0, (-1, -1)]]]]]]
