[1, 0, [256, 0, [512, 1, 64], [16, 128], [64, 48, 14, 1]], None]
[1, 1, [256, 0, [512, 1, 64], [16, 128], [64, 48, 14, 1]], [0, [16, 128], [[[1, 0, (48, 45), (0, 0), [64, 48, 14, 1], 0, 64, 1], None], [[0, 1, (-48, -45), (0, 0), [446, 0, 0, 1], 0, 64, 1], None]]]]
[1, 1, [256, 0, [512, 1, 64], [16, 128], [64, 48, 14, 1]], [1, [16, 128], [[[1, 0, (47, 45), (-1, 0), [64, 48, 14, 1], 34, 64, 1], [[2, (-48, -45), 48, 35, 4]]], [[0, 1, (-47, -45), (1, 0), [446, 0, 0, 1], 8, 64, 1], None]]]]
[1, 1, [256, 0, [512, 1, 64], [16, 128], [64, 48, 14, 1]], [2, [16, 128], [[[1, 0, (46, 46), (-1, 1), [51, 48, 14, 1], 64, 64, 1], [[0, (-1, -1)], [2, (-46, -45), 48, 50, 4]]], [[0, 1, (-45, -45), (2, 0), [446, 0, 0, 1], 20, 64, 1], None]]]]
[1, 1, [256, 0, [512, 1, 64], [16, 128], [64, 48, 14, 1]], [3, [16, 128], [[[1, 0, (45, 47), (-1, 1), [8, 48, 14, 1], 64, 64, 1], [[0, (-1, -1)], [2, (-43, -45), 48, 41, 4]]], [[0, 1, (-42, -44), (3, 1), [446, 0, 0, 1], 30, 64, 1], None]]]]
[1, 1, [256, 0, [512, 1, 64], [16, 128], [64, 48, 14, 1]], [4, [16, 128], [[[1, 0, (45, 48), (0, 1), [0, 13, 14, 1], 64, 64, 1], [[0, (-1, -1)], [2, (-39, -43), 48, 32, 4]]], [[0, 1, (-39, -42), (3, 2), [446, 0, 0, 1], 38, 64, 1], None]]]]
[1, 1, [256, 0, [512, 1, 64], [16, 128], [64, 48, 14, 1]], [5, [16, 128], [[[1, 0, (45, 48), (0, 0), [0, 13, 14, 1], 63, 64, 1], [[2, (-36, -40), 13, 0, 4]]], [[0, 1, (-36, -39), (3, 3), [446, 0, 0, 1], 38, 64, 1], None]]]]
[1, 1, [256, 0, [512, 1, 64], [16, 128], [64, 48, 14, 1]], [6, [16, 128], [[[1, 0, (45, 47), (0, -1), [0, 13, 14, 1], 62, 64, 1], [[2, (-33, -36), 13, 0, 4]]], [[0, 1, (-33, -35), (3, 4), [446, 0, 0, 1], 38, 64, 1], None]]]]
[1, 1, [256, 0, [512, 1, 64], [16, 128], [64, 48, 14, 1]], [7, [16, 128], [[[1, 0, (45, 45), (0, -2), [0, 13, 14, 1], 61, 64, 1], [[2, (-30, -31), 13, 0, 4]]], [[0, 1, (-30, -30), (3, 5), [446, 0, 0, 1], 38, 64, 1], None]]]]
[1, 1, [256, 0, [512, 1, 64], [16, 128], [64, 48, 14, 1]], [8, [16, 128], [[[1, 0, (44, 42), (-1, -3), [0, 13, 14, 1], 60, 64, 1], [[2, (-27, -25), 13, 0, 4]]], [[0, 1, (-26, -24), (4, 6), [446, 0, 0, 1], 38, 64, 1], None]]]]
[1, 1, [256, 0, [512, 1, 64], [16, 128], [64, 48, 14, 1]], [9, [16, 128], [[[1, 0, (42, 39), (-2, -3), [0, 13, 14, 1], 59, 64, 1], [[2, (-22, -18), 13, 0, 4]]], [[0, 1, (-21, -18), (5, 6), [446, 0, 0, 1], 38, 64, 1], None]]]]
[1, 2, [256, 0, [512, 1, 64], [16, 128], [64, 48, 14, 1]], [10, [16, 128], [[[1, 0, (39, 36), (-3, -3), [0, 13, 14, 1], 58, 64, 1], [[2, (-16, -12), 13, 0, 4]]], [[0, 1, (-15, -12), (6, 6), [0, 0, 0, 0], 38, 64, 1], None]]]]
