join: [1, 0, [256, 0, [512, 1, 64], [16, 128], [64, 48, 14, 1]], None]
start: [1, 1, [256, 0, [512, 1, 64], [16, 128], [64, 48, 14, 1]], [0, [16, 128], [[[1, 0, (48, -47), (0, 0), [64, 48, 14, 1], 0, 64, 1], None], [[0, 1, (-48, 47), (0, 0), [100, 10, 10, 1], 0, 64, 1], None]]]]
commands: [1, 1, [256, 0, [512, 1, 64], [16, 128], [64, 48, 14, 1]], [1, [16, 128], [[[1, 0, (47, -47), (-1, 0), [64, 48, 14, 1], 34, 64, 1], [[2, (-48, 47), 48, 47, 4]]], [[0, 1, (-47, 47), (1, 0), [100, 10, 10, 1], 1, 64, 1], None]]]]
commands: [1, 1, [256, 0, [512, 1, 64], [16, 128], [64, 48, 14, 1]], [2, [16, 128], [[[1, 0, (45, -46), (-2, 1), [60, 48, 14, 1], 64, 64, 1], [[2, (-46, 47), 48, 46, 4]]], [[0, 1, (-46, 47), (1, 0), [99, 10, 10, 1], 45, 64, 1], [[0, (1, -1)]]]]]]
commands: [1, 1, [256, 0, [512, 1, 64], [16, 128], [64, 48, 14, 1]], [3, [16, 128], [[[1, 0, (43, -44), (-2, 2), [26, 48, 14, 1], 64, 64, 1], [[2, (-45, 47), 48, 45, 4]]], [[0, 1, (-46, 47), (0, 0), [98, 10, 10, 1], 54, 64, 1], [[0, (1, -1)]]]]]]
commands: [1, 1, [256, 0, [512, 1, 64], [16, 128], [64, 48, 14, 1]], [4, [16, 128], [[[1, 0, (41, -41), (-2, 3), [0, 40, 14, 1], 64, 64, 1], [[2, (-46, 47), 48, 54, 4]]], [[0, 1, (-47, 47), (-1, 0), [96, 10, 10, 1], 64, 64, 1], [[0, (1, -1)]]]]]]
commands: [1, 1, [256, 0, [512, 1, 64], [16, 128], [64, 48, 14, 1]], [5, [16, 128], [[[1, 0, (38, -37), (-3, 4), [0, 14, 14, 1], 64, 64, 1], [[2, (-48, 47), 40, 30, 4]]], [[0, 1, (-48, 47), (-1, 0), [67, 10, 10, 1], 64, 64, 1], [[0, (1, -1)]]]]]]
commands: [1, 1, [256, 0, [512, 1, 64], [16, 128], [64, 48, 14, 1]], [6, [16, 128], [[[1, 0, (34, -33), (-4, 4), [0, 14, 14, 1], 64, 64, 1], [[2, (-49, 47), 14, 0, 4]]], [[0, 1, (-48, 47), (0, 0), [67, 10, 10, 1], 54, 64, 1], None]]]]
commands: [1, 1, [256, 0, [512, 1, 64], [16, 128], [64, 48, 14, 1]], [7, [16, 128], [[[1, 0, (29, -29), (-5, 4), [0, 14, 14, 1], 64, 64, 1], [[2, (-48, 47), 14, 0, 4]]], [[0, 1, (-47, 47), (1, 0), [67, 10, 10, 1], 44, 64, 1], None]]]]
commands: [1, 1, [256, 0, [512, 1, 64], [16, 128], [64, 48, 14, 1]], [8, [16, 128], [[[1, 0, (23, -24), (-6, 5), [0, 14, 14, 1], 64, 64, 1], [[2, (-46, 47), 14, 0, 4]]], [[0, 1, (-46, 47), (1, 0), [66, 10, 10, 1], 42, 64, 1], [[0, (1, -1)]]]]]]
commands: [1, 1, [256, 0, [512, 1, 64], [16, 128], [64, 48, 14, 1]], [9, [16, 128], [[[1, 0, (17, -18), (-6, 6), [0, 14, 14, 1], 64, 64, 1], [[2, (-45, 47), 14, 0, 4]]], [[0, 1, (-46, 47), (0, 0), [65, 10, 10, 1], 40, 64, 1], [[0, (1, -1)]]]]]]
commands: [1, 2, [256, 0, [512, 1, 64], [16, 128], [64, 48, 14, 1]], [10, [16, 128], [[[1, 0, (11, -11), (-6, 7), [0, 0, 0, 0], 64, 64, 1], None], [[0, 1, (-47, 47), (-1, 0), [64, 10, 10, 1], 38, 64, 1], [[0, (1, -1)]]]]]]
