[1, 0, [256, 0, [512, 1, 64], [16, 128], [64, 64, 10, 4]], None]
[1, 1, [256, 0, [512, 1, 64], [16, 128], [64, 64, 10, 4]], [0, [16, 128], [[[1, 0, (-11, 48), (0, 0), [64, 64, 10, 4], 0, 64, 1], None], [[0, 1, (11, -48), (0, 0), [100, 10, 10, 1], 0, 64, 1], None]]]]
[1, 1, [256, 0, [512, 1, 64], [16, 128], [64, 64, 10, 4]], [1, [16, 128], [[[1, 0, (-11, 47), (0, -1), [64, 64, 10, 4], 0, 64, 1], None], [[0, 1, (11, -47), (0, 1), [100, 10, 10, 1], 0, 64, 1], None]]]]
[1, 1, [256, 0, [512, 1, 64], [16, 128], [64, 64, 10, 4]], [2, [16, 128], [[[1, 0, (-11, 45), (0, -2), [64, 64, 10, 4], 0, 64, 1], None], [[0, 1, (12, -46), (1, 1), [99, 10, 10, 1], 0, 64, 1], [[0, (-1, 1)]]]]]]
[1, 1, [256, 0, [512, 1, 64], [16, 128], [64, 64, 10, 4]], [3, [16, 128], [[[1, 0, (-11, 42), (0, -3), [64, 64, 10, 4], 0, 64, 1], None], [[0, 1, (14, -45), (2, 1), [98, 10, 10, 1], 0, 64, 1], [[0, (-1, 1)]]]]]]
[1, 1, [256, 0, [512, 1, 64], [16, 128], [64, 64, 10, 4]], [4, [16, 128], [[[1, 0, (-11, 38), (0, -4), [64, 64, 10, 4], 0, 64, 1], None], [[0, 1, (17, -44), (3, 1), [97, 10, 10, 1], 0, 64, 1], [[0, (-1, 1)]]]]]]
[1, 1, [256, 0, [512, 1, 64], [16, 128], [64, 64, 10, 4]], [5, [16, 128], [[[1, 0, (-11, 33), (0, -5), [64, 64, 10, 4], 0, 64, 1], None], [[0, 1, (21, -43), (4, 1), [96, 10, 10, 1], 0, 64, 1], [[0, (-1, 1)]]]]]]
[1, 1, [256, 0, [512, 1, 64], [16, 128], [64, 64, 10, 4]], [6, [16, 128], [[[1, 0, (-11, 27), (0, -6), [64, 64, 10, 4], 0, 64, 1], None], [[0, 1, (26, -42), (5, 1), [95, 10, 10, 1], 0, 64, 1], [[0, (-1, 1)]]]]]]
[1, 1, [256, 0, [512, 1, 64], [16, 128], [64, 64, 10, 4]], [7, [16, 128], [[[1, 0, (-11, 20), (0, -7), [64, 64, 10, 4], 0, 64, 1], None], [[0, 1, (32, -41), (6, 1), [94, 10, 10, 1], 0, 64, 1], [[0, (-1, 1)]]]]]]
[1, 2, [256, 0, [512, 1, 64], [16, 128], [64, 64, 10, 4]], [8, [16, 128], [[[1, 0, (-11, 12), (0, -8), [0, 0, 0, 0], 0, 64, 1], None], [[0, 1, (39, -40), (7, 1), [93, 10, 10, 1], 0, 64, 1], [[0, (-1, 1)]]]]]]
