join: [1, 0, [256, 0, [512, 1, 64], [16, 128], [100, 1, 1, 1]], []]
start: [1, 1, [256, 0, [512, 1, 64], [16, 128], [100, 1, 1, 1]], [0, [16, 128], [[[1, 0, (-33, 48), (0, 0), [100, 1, 1, 1], 0, 64, 1], []], [[0, 1, (33, -48), (0, 0), [100, 1, 1, 1], 0, 64, 1], []]]]]
commands: [1, 1, [256, 0, [512, 1, 64], [16, 128], [100, 1, 1, 1]], [1, [16, 128], [[[1, 0, (-33, 47), (0, -1), [100, 1, 1, 1], 0, 64, 1], []], [[0, 1, (33, -47), (0, 1), [100, 1, 1, 1], 0, 64, 1], []]]]]
commands: [1, 1, [256, 0, [512, 1, 64], [16, 128], [100, 1, 1, 1]], [2, [16, 128], [[[1, 0, (-34, 46), (-1, -1), [99, 1, 1, 1], 7, 64, 1], [[0, (1, -1)]]], [[0, 1, (34, -46), (1, 1), [99, 1, 1, 1], 7, 64, 1], [[0, (-1, 1)]]]]]]
commands: [1, 1, [256, 0, [512, 1, 64], [16, 128], [100, 1, 1, 1]], [3, [16, 128], [[[1, 0, (-36, 45), (-2, -1), [98, 1, 1, 1], 14, 64, 1], [[0, (1, -1)]]], [[0, 1, (36, -45), (2, 1), [98, 1, 1, 1], 14, 64, 1], [[0, (-1, 1)]]]]]]
commands: [1, 1, [256, 0, [512, 1, 64], [16, 128], [100, 1, 1, 1]], [4, [16, 128], [[[1, 0, (-39, 44), (-3, -1), [97, 1, 1, 1], 21, 64, 1], [[0, (1, -1)]]], [[0, 1, (39, -44), (3, 1), [97, 1, 1, 1], 21, 64, 1], [[0, (-1, 1)]]]]]]
commands: [1, 1, [256, 0, [512, 1, 64], [16, 128], [100, 1, 1, 1]], [5, [16, 128], [[[1, 0, (-43, 43), (-4, -1), [96, 1, 1, 1], 28, 64, 1], [[0, (1, -1)]]], [[0, 1, (43, -43), (4, 1), [96, 1, 1, 1], 28, 64, 1], [[0, (-1, 1)]]]]]]
commands: [1, 1, [256, 0, [512, 1, 64], [16, 128], [100, 1, 1, 1]], [6, [16, 128], [[[1, 0, (-47, 42), (-4, -1), [95, 1, 1, 1], 35, 64, 1], [[0, (1, -1)]]], [[0, 1, (47, -42), (4, 1), [95, 1, 1, 1], 35, 64, 1], [[0, (-1, 1)]]]]]]
commands: [1, 1, [256, 0, [512, 1, 64], [16, 128], [100, 1, 1, 1]], [7, [16, 128], [[[1, 0, (-51, 42), (-4, 0), [94, 1, 1, 1], 42, 64, 1], [[0, (1, -1)]]], [[0, 1, (51, -42), (4, 0), [94, 1, 1, 1], 42, 64, 1], [[0, (-1, 1)]]]]]]
commands: [1, 1, [256, 0, [512, 1, 64], [16, 128], [100, 1, 1, 1]], [8, [16, 128], [[[1, 0, (-54, 42), (-3, 0), [94, 1, 1, 1], 41, 64, 1], []], [[0, 1, (54, -42), (3, 0), [94, 1, 1, 1], 41, 64, 1], []]]]]
commands: [1, 1, [256, 0, [512, 1, 64], [16, 128], [100, 1, 1, 1]], [9, [16, 128], [[[1, 0, (-56, 42), (-2, 0), [94, 1, 1, 1], 40, 64, 1], []], [[0, 1, (56, -42), (2, 0), [94, 1, 1, 1], 40, 64, 1], []]]]]
commands: [1, 1, [256, 0, [512, 1, 64], [16, 128], [100, 1, 1, 1]], [10, [16, 128], [[[1, 0, (-57, 42), (-1, 0), [94, 1, 1, 1], 39, 64, 1], []], [[0, 1, (57, -42), (1, 0), [94, 1, 1, 1], 39, 64, 1], []]]]]
commands: [1, 1, [256, 0, [512, 1, 64], [16, 128], [100, 1, 1, 1]], [11, [16, 128], [[[1, 0, (-57, 42), (0, 0), [94, 1, 1, 1], 38, 64, 1], []], [[0, 1, (57, -42), (0, 0), [94, 1, 1, 1], 38, 64, 1], []]]]]
commands: [1, 1, [256, 0, [512, 1, 64], [16, 128], [100, 1, 1, 1]], [12, [16, 128], [[[1, 0, (-56, 42), (1, 0), [94, 1, 1, 1], 37, 64, 1], []], [[0, 1, (56, -42), (-1, 0), [94, 1, 1, 1], 37, 64, 1], []]]]]
commands: [1, 1, [256, 0, [512, 1, 64], [16, 128], [100, 1, 1, 1]], [13, [16, 128], [[[1, 0, (-54, 42), (2, 0), [94, 1, 1, 1], 36, 64, 1], []], [[0, 1, (54, -42), (-2, 0), [94, 1, 1, 1], 36, 64, 1], []]]]]
commands: [1, 1, [256, 0, [512, 1, 64], [16, 128], [100, 1, 1, 1]], [14, [16, 128], [[[1, 0, (-51, 42), (3, 0), [94, 1, 1, 1], 35, 64, 1], []], [[0, 1, (51, -42), (-3, 0), [94, 1, 1, 1], 35, 64, 1], []]]]]
commands: [1, 1, [256, 0, [512, 1, 64], [16, 128], [100, 1, 1, 1]], [15, [16, 128], [[[1, 0, (-47, 42), (4, 0), [94, 1, 1, 1], 34, 64, 1], []], [[0, 1, (47, -42), (-4, 0), [94, 1, 1, 1], 34, 64, 1], []]]]]
commands: [1, 1, [256, 0, [512, 1, 64], [16, 128], [100, 1, 1, 1]], [16, [16, 128], [[[1, 0, (-43, 43), (4, 1), [93, 1, 1, 1], 41, 64, 1], [[0, (1, -1)]]], [[0, 1, (43, -43), (-4, -1), [93, 1, 1, 1], 41, 64, 1], [[0, (-1, 1)]]]]]]
commands: [1, 1, [256, 0, [512, 1, 64], [16, 128], [100, 1, 1, 1]], [17, [16, 128], [[[1, 0, (-39, 44), (4, 1), [92, 1, 1, 1], 48, 64, 1], [[0, (1, -1)]]], [[0, 1, (39, -44), (-4, -1), [92, 1, 1, 1], 48, 64, 1], [[0, (-1, 1)]]]]]]
commands: [1, 1, [256, 0, [512, 1, 64], [16, 128], [100, 1, 1, 1]], [18, [16, 128], [[[1, 0, (-36, 45), (3, 1), [91, 1, 1, 1], 55, 64, 1], [[0, (1, -1)]]], [[0, 1, (36, -45), (-3, -1), [91, 1, 1, 1], 55, 64, 1], [[0, (-1, 1)]]]]]]
commands: [1, 1, [256, 0, [512, 1, 64], [16, 128], [100, 1, 1, 1]], [19, [16, 128], [[[1, 0, (-34, 46), (2, 1), [90, 1, 1, 1], 62, 64, 1], [[0, (1, -1)]]], [[0, 1, (34, -46), (-2, -1), [90, 1, 1, 1], 62, 64, 1], [[0, (-1, 1)]]]]]]
commands: [1, 1, [256, 0, [512, 1, 64], [16, 128], [100, 1, 1, 1]], [20, [16, 128], [[[1, 0, (-33, 47), (1, 1), [84, 1, 1, 1], 64, 64, 1], [[0, (1, -1)]]], [[0, 1, (33, -47), (-1, -1), [84, 1, 1, 1], 64, 64, 1], [[0, (-1, 1)]]]]]]
commands: [1, 1, [256, 0, [512, 1, 64], [16, 128], [100, 1, 1, 1]], [21, [16, 128], [[[1, 0, (-33, 48), (0, 1), [76, 1, 1, 1], 64, 64, 1], [[0, (1, -1)]]], [[0, 1, (33, -48), (0, -1), [76, 1, 1, 1], 64, 64, 1], [[0, (-1, 1)]]]]]]
commands: [1, 1, [256, 0, [512, 1, 64], [16, 128], [100, 1, 1, 1]], [22, [16, 128], [[[1, 0, (-33, 48), (0, 0), [76, 1, 1, 1], 63, 64, 1], []], [[0, 1, (33, -48), (0, 0), [76, 1, 1, 1], 63, 64, 1], []]]]]
commands: [1, 1, [256, 0, [512, 1, 64], [16, 128], [100, 1, 1, 1]], [23, [16, 128], [[[1, 0, (-33, 47), (0, -1), [76, 1, 1, 1], 62, 64, 1], []], [[0, 1, (33, -47), (0, 1), [76, 1, 1, 1], 62, 64, 1], []]]]]
commands: [1, 1, [256, 0, [512, 1, 64], [16, 128], [100, 1, 1, 1]], [24, [16, 128], [[[1, 0, (-34, 46), (-1, -1), [70, 1, 1, 1], 64, 64, 1], [[0, (1, -1)]]], [[0, 1, (34, -46), (1, 1), [70, 1, 1, 1], 64, 64, 1], [[0, (-1, 1)]]]]]]
commands: [1, 1, [256, 0, [512, 1, 64], [16, 128], [100, 1, 1, 1]], [25, [16, 128], [[[1, 0, (-36, 45), (-2, -1), [62, 1, 1, 1], 64, 64, 1], [[0, (1, -1)]]], [[0, 1, (36, -45), (2, 1), [62, 1, 1, 1], 64, 64, 1], [[0, (-1, 1)]]]]]]
commands: [1, 1, [256, 0, [512, 1, 64], [16, 128], [100, 1, 1, 1]], [26, [16, 128], [[[1, 0, (-39, 44), (-3, -1), [54, 1, 1, 1], 64, 64, 1], [[0, (1, -1)]]], [[0, 1, (39, -44), (3, 1), [54, 1, 1, 1], 64, 64, 1], [[0, (-1, 1)]]]]]]
commands: [1, 1, [256, 0, [512, 1, 64], [16, 128], [100, 1, 1, 1]], [27, [16, 128], [[[1, 0, (-43, 43), (-4, -1), [46, 1, 1, 1], 64, 64, 1], [[0, (1, -1)]]], [[0, 1, (43, -43), (4, 1), [46, 1, 1, 1], 64, 64, 1], [[0, (-1, 1)]]]]]]
commands: [1, 1, [256, 0, [512, 1, 64], [16, 128], [100, 1, 1, 1]], [28, [16, 128], [[[1, 0, (-47, 42), (-4, -1), [38, 1, 1, 1], 64, 64, 1], [[0, (1, -1)]]], [[0, 1, (47, -42), (4, 1), [38, 1, 1, 1], 64, 64, 1], [[0, (-1, 1)]]]]]]
commands: [1, 1, [256, 0, [512, 1, 64], [16, 128], [100, 1, 1, 1]], [29, [16, 128], [[[1, 0, (-51, 42), (-4, 0), [30, 1, 1, 1], 64, 64, 1], [[0, (1, -1)]]], [[0, 1, (51, -42), (4, 0), [30, 1, 1, 1], 64, 64, 1], [[0, (-1, 1)]]]]]]
commands: [1, 1, [256, 0, [512, 1, 64], [16, 128], [100, 1, 1, 1]], [30, [16, 128], [[[1, 0, (-54, 42), (-3, 0), [30, 1, 1, 1], 63, 64, 1], []], [[0, 1, (54, -42), (3, 0), [30, 1, 1, 1], 63, 64, 1], []]]]]
commands: [1, 1, [256, 0, [512, 1, 64], [16, 128], [100, 1, 1, 1]], [31, [16, 128], [[[1, 0, (-56, 42), (-2, 0), [30, 1, 1, 1], 62, 64, 1], []], [[0, 1, (56, -42), (2, 0), [30, 1, 1, 1], 62, 64, 1], []]]]]
commands: [1, 1, [256, 0, [512, 1, 64], [16, 128], [100, 1, 1, 1]], [32, [16, 128], [[[1, 0, (-57, 42), (-1, 0), [30, 1, 1, 1], 61, 64, 1], []], [[0, 1, (57, -42), (1, 0), [30, 1, 1, 1], 61, 64, 1], []]]]]
commands: [1, 1, [256, 0, [512, 1, 64], [16, 128], [100, 1, 1, 1]], [33, [16, 128], [[[1, 0, (-57, 42), (0, 0), [30, 1, 1, 1], 60, 64, 1], []], [[0, 1, (57, -42), (0, 0), [30, 1, 1, 1], 60, 64, 1], []]]]]
commands: [1, 1, [256, 0, [512, 1, 64], [16, 128], [100, 1, 1, 1]], [34, [16, 128], [[[1, 0, (-56, 42), (1, 0), [30, 1, 1, 1], 59, 64, 1], []], [[0, 1, (56, -42), (-1, 0), [30, 1, 1, 1], 59, 64, 1], []]]]]
commands: [1, 1, [256, 0, [512, 1, 64], [16, 128], [100, 1, 1, 1]], [35, [16, 128], [[[1, 0, (-54, 42), (2, 0), [30, 1, 1, 1], 58, 64, 1], []], [[0, 1, (54, -42), (-2, 0), [30, 1, 1, 1], 58, 64, 1], []]]]]
commands: [1, 1, [256, 0, [512, 1, 64], [16, 128], [100, 1, 1, 1]], [36, [16, 128], [[[1, 0, (-51, 42), (3, 0), [30, 1, 1, 1], 57, 64, 1], []], [[0, 1, (51, -42), (-3, 0), [30, 1, 1, 1], 57, 64, 1], []]]]]
commands: [1, 1, [256, 0, [512, 1, 64], [16, 128], [100, 1, 1, 1]], [37, [16, 128], [[[1, 0, (-47, 42), (4, 0), [30, 1, 1, 1], 56, 64, 1], []], [[0, 1, (47, -42), (-4, 0), [30, 1, 1, 1], 56, 64, 1], []]]]]
commands: [1, 1, [256, 0, [512, 1, 64], [16, 128], [100, 1, 1, 1]], [38, [16, 128], [[[1, 0, (-43, 43), (4, 1), [29, 1, 1, 1], 63, 64, 1], [[0, (1, -1)]]], [[0, 1, (43, -43), (-4, -1), [29, 1, 1, 1], 63, 64, 1], [[0, (-1, 1)]]]]]]
commands: [1, 1, [256, 0, [512, 1, 64], [16, 128], [100, 1, 1, 1]], [39, [16, 128], [[[1, 0, (-39, 44), (4, 1), [22, 1, 1, 1], 64, 64, 1], [[0, (1, -1)]]], [[0, 1, (39, -44), (-4, -1), [22, 1, 1, 1], 64, 64, 1], [[0, (-1, 1)]]]]]]
commands: [1, 1, [256, 0, [512, 1, 64], [16, 128], [100, 1, 1, 1]], [40, [16, 128], [[[1, 0, (-36, 45), (3, 1), [14, 1, 1, 1], 64, 64, 1], [[0, (1, -1)]]], [[0, 1, (36, -45), (-3, -1), [14, 1, 1, 1], 64, 64, 1], [[0, (-1, 1)]]]]]]
commands: [1, 1, [256, 0, [512, 1, 64], [16, 128], [100, 1, 1, 1]], [41, [16, 128], [[[1, 0, (-34, 46), (2, 1), [6, 1, 1, 1], 64, 64, 1], [[0, (1, -1)]]], [[0, 1, (34, -46), (-2, -1), [6, 1, 1, 1], 64, 64, 1], [[0, (-1, 1)]]]]]]
commands: [1, 1, [256, 0, [512, 1, 64], [16, 128], [100, 1, 1, 1]], [42, [16, 128], [[[1, 0, (-33, 47), (1, 1), [0, 0, 0, 1], 64, 64, 1], [[0, (1, -1)]]], [[0, 1, (33, -47), (-1, -1), [0, 0, 0, 1], 64, 64, 1], [[0, (-1, 1)]]]]]]
commands: [1, 1, [256, 0, [512, 1, 64], [16, 128], [100, 1, 1, 1]], [43, [16, 128], [[[1, 0, (-32, 47), (1, 0), [0, 0, 0, 1], 64, 64, 1], []], [[0, 1, (32, -47), (-1, 0), [0, 0, 0, 1], 64, 64, 1], []]]]]
commands: [1, 1, [256, 0, [512, 1, 64], [16, 128], [100, 1, 1, 1]], [44, [16, 128], [[[1, 0, (-31, 46), (1, -1), [0, 0, 0, 1], 64, 64, 1], []], [[0, 1, (31, -46), (-1, 1), [0, 0, 0, 1], 64, 64, 1], []]]]]
commands: [1, 1, [256, 0, [512, 1, 64], [16, 128], [100, 1, 1, 1]], [45, [16, 128], [[[1, 0, (-30, 44), (1, -2), [0, 0, 0, 1], 64, 64, 1], []], [[0, 1, (30, -44), (-1, 2), [0, 0, 0, 1], 64, 64, 1], []]]]]
commands: [1, 1, [256, 0, [512, 1, 64], [16, 128], [100, 1, 1, 1]], [46, [16, 128], [[[1, 0, (-29, 41), (1, -3), [0, 0, 0, 1], 64, 64, 1], []], [[0, 1, (29, -41), (-1, 3), [0, 0, 0, 1], 64, 64, 1], []]]]]
commands: [1, 1, [256, 0, [512, 1, 64], [16, 128], [100, 1, 1, 1]], [47, [16, 128], [[[1, 0, (-28, 37), (1, -4), [0, 0, 0, 1], 64, 64, 1], []], [[0, 1, (28, -37), (-1, 4), [0, 0, 0, 1], 64, 64, 1], []]]]]
commands: [1, 1, [256, 0, [512, 1, 64], [16, 128], [100, 1, 1, 1]], [48, [16, 128], [[[1, 0, (-27, 32), (1, -5), [0, 0, 0, 1], 64, 64, 1], []], [[0, 1, (27, -32), (-1, 5), [0, 0, 0, 1], 64, 64, 1], []]]]]
commands: [1, 1, [256, 0, [512, 1, 64], [16, 128], [100, 1, 1, 1]], [49, [16, 128], [[[1, 0, (-26, 26), (1, -6), [0, 0, 0, 1], 64, 64, 1], []], [[0, 1, (26, -26), (-1, 6), [0, 0, 0, 1], 64, 64, 1], []]]]]
commands: [1, 1, [256, 0, [512, 1, 64], [16, 128], [100, 1, 1, 1]], [50, [16, 128], [[[1, 0, (-24, 19), (2, -7), [0, 0, 0, 1], 64, 64, 1], []], [[0, 1, (24, -19), (-2, 7), [0, 0, 0, 1], 64, 64, 1], []]]]]
commands: [1, 1, [256, 0, [512, 1, 64], [16, 128], [100, 1, 1, 1]], [51, [16, 128], [[[1, 0, (-21, 12), (3, -7), [0, 0, 0, 1], 64, 64, 1], []], [[0, 1, (21, -12), (-3, 7), [0, 0, 0, 1], 64, 64, 1], []]]]]
commands: [1, 1, [256, 0, [512, 1, 64], [16, 128], [100, 1, 1, 1]], [52, [16, 128], [[[1, 0, (-17, 5), (4, -7), [0, 0, 0, 1], 64, 64, 1], []], [[0, 1, (17, -5), (-4, 7), [0, 0, 0, 1], 64, 64, 1], []]]]]
commands: [1, 2, [256, 0, [512, 1, 64], [16, 128], [100, 1, 1, 1]], [53, [16, 128], [[[1, 0, (-12, -2), (5, -7), [0, 0, 0, 0], 64, 64, 1], []], [[0, 1, (12, 2), (-5, 7), [0, 0, 0, 0], 64, 64, 1], []]]]]
