join: [1, 0, [256, 0, [512, 1, 64], [16, 128], [64, 48, 14, 1]], []]
start: [1, 1, [256, 0, [512, 1, 64], [16, 128], [64, 48, 14, 1]], [0, [16, 128], [[[1, 0, (3, 48), (0, 0), [64, 48, 14, 1], 0, 64, 1], []], [[0, 1, (-3, -48), (0, 0), [100, 10, 10, 1], 0, 64, 1], []]]]]
commands: [1, 1, [256, 0, [512, 1, 64], [16, 128], [64, 48, 14, 1]], [1, [16, 128], [[[1, 0, (2, 46), (-1, -2), [63, 48, 14, 1], 0, 64, 1], [[0, (1, 1)]]], [[0, 1, (-3, -47), (0, 1), [100, 10, 10, 1], 0, 64, 1], []]]]]
commands: [1, 1, [256, 0, [512, 1, 64], [16, 128], [64, 48, 14, 1]], [2, [16, 128], [[[1, 0, (0, 42), (-2, -4), [62, 48, 14, 1], 0, 64, 1], [[0, (1, 1)]]], [[0, 1, (-4, -46), (-1, 1), [99, 10, 10, 1], 0, 64, 1], [[0, (1, 1)]]]]]]
commands: [1, 1, [256, 0, [512, 1, 64], [16, 128], [64, 48, 14, 1]], [3, [16, 128], [[[1, 0, (-3, 36), (-3, -6), [61, 48, 14, 1], 0, 64, 1], [[0, (1, 1)]]], [[0, 1, (-6, -45), (-2, 1), [98, 10, 10, 1], 0, 64, 1], [[0, (1, 1)]]]]]]
commands: [1, 1, [256, 0, [512, 1, 64], [16, 128], [64, 48, 14, 1]], [4, [16, 128], [[[1, 0, (-7, 28), (-4, -8), [60, 48, 14, 1], 0, 64, 1], [[0, (1, 1)]]], [[0, 1, (-9, -44), (-3, 1), [97, 10, 10, 1], 0, 64, 1], [[0, (1, 1)]]]]]]
commands: [1, 1, [256, 0, [512, 1, 64], [16, 128], [64, 48, 14, 1]], [5, [16, 128], [[[1, 0, (-12, 18), (-5, -10), [59, 48, 14, 1], 0, 64, 1], [[0, (1, 1)]]], [[0, 1, (-13, -43), (-4, 1), [96, 10, 10, 1], 0, 64, 1], [[0, (1, 1)]]]]]]
commands: [1, 1, [256, 0, [512, 1, 64], [16, 128], [64, 48, 14, 1]], [6, [16, 128], [[[1, 0, (-18, 6), (-6, -12), [58, 48, 14, 1], 0, 64, 1], [[0, (1, 1)]]], [[0, 1, (-18, -42), (-5, 1), [95, 10, 10, 1], 0, 64, 1], [[0, (1, 1)]]]]]]
commands: [1, 1, [256, 0, [512, 1, 64], [16, 128], [64, 48, 14, 1]], [7, [16, 128], [[[1, 0, (-24, -7), (-6, -13), [57, 48, 14, 1], 0, 64, 1], [[0, (1, 1)]]], [[0, 1, (-24, -41), (-6, 1), [94, 10, 10, 1], 0, 64, 1], [[0, (1, 1)]]]]]]
commands: [1, 1, [256, 0, [512, 1, 64], [16, 128], [64, 48, 14, 1]], [8, [16, 128], [[[1, 0, (-30, -21), (-6, -14), [56, 48, 14, 1], 0, 64, 1], [[0, (1, 1)]]], [[0, 1, (-31, -40), (-7, 1), [93, 10, 10, 1], 0, 64, 1], [[0, (1, 1)]]]]]]
commands: [1, 1, [256, 0, [512, 1, 64], [16, 128], [64, 48, 14, 1]], [9, [16, 128], [[[1, 0, (-36, -36), (-6, -15), [55, 48, 14, 1], 0, 64, 1], [[0, (1, 1)]]], [[0, 1, (-39, -39), (-8, 1), [92, 10, 10, 1], 0, 64, 1], [[0, (1, 1)]]]]]]
commands: [1, 1, [256, 0, [512, 1, 64], [16, 128], [64, 48, 14, 1]], [10, [16, 128], [[[1, 0, (-42, -51), (-6, -15), [54, 48, 14, 1], 0, 64, 1], [[0, (1, 1)]]], [[0, 1, (-47, -38), (-8, 1), [91, 10, 10, 1], 0, 64, 1], [[0, (1, 1)]]]]]]
commands: [1, 1, [256, 0, [512, 1, 64], [16, 128], [64, 48, 14, 1]], [11, [16, 128], [[[1, 0, (-49, -66), (-7, -15), [53, 48, 14, 1], 0, 64, 1], [[0, (1, 1)]]], [[0, 1, (-55, -38), (-8, 0), [90, 10, 10, 1], 0, 64, 1], [[0, (1, 1)]]]]]]
commands: [1, 1, [256, 0, [512, 1, 64], [16, 128], [64, 48, 14, 1]], [12, [16, 128], [[[1, 0, (-57, -81), (-8, -15), [52, 48, 14, 1], 0, 64, 1], [[0, (1, 1)]]], [[0, 1, (-62, -38), (-7, 0), [90, 10, 10, 1], 0, 64, 1], []]]]]
commands: [1, 1, [256, 0, [512, 1, 64], [16, 128], [64, 48, 14, 1]], [13, [16, 128], [[[1, 0, (-66, -96), (-9, -15), [51, 48, 14, 1], 0, 64, 1], [[0, (1, 1)]]], [[0, 1, (-68, -38), (-6, 0), [90, 10, 10, 1], 0, 64, 1], []]]]]
commands: [1, 1, [256, 0, [512, 1, 64], [16, 128], [64, 48, 14, 1]], [14, [16, 128], [[[1, 0, (-76, -111), (-10, -15), [50, 48, 14, 1], 0, 64, 1], [[0, (1, 1)]]], [[0, 1, (-73, -38), (-5, 0), [90, 10, 10, 1], 0, 64, 1], []]]]]
commands: [1, 1, [256, 0, [512, 1, 64], [16, 128], [64, 48, 14, 1]], [15, [16, 128], [[[1, 0, (-87, -126), (-11, -15), [49, 48, 14, 1], 0, 64, 1], [[0, (1, 1)]]], [[0, 1, (-77, -38), (-4, 0), [90, 10, 10, 1], 0, 64, 1], []]]]]
commands: [1, 1, [256, 0, [512, 1, 64], [16, 128], [64, 48, 14, 1]], [16, [16, 128], [[[1, 0, (-99, -141), (-12, -15), [35, 48, 14, 1], 0, 64, 1], [[0, (1, 1)]]], [[0, 1, (-80, -38), (-3, 0), [90, 10, 10, 1], 0, 64, 1], []]]]]
commands: [1, 1, [256, 0, [512, 1, 64], [16, 128], [64, 48, 14, 1]], [17, [16, 128], [[[1, 0, (-112, -156), (-13, -15), [6, 48, 14, 1], 0, 64, 1], [[0, (1, 1)]]], [[0, 1, (-82, -38), (-2, 0), [90, 10, 10, 1], 0, 64, 1], []]]]]
commands: [1, 1, [256, 0, [512, 1, 64], [16, 128], [64, 48, 14, 1]], [18, [16, 128], [[[1, 0, (-126, -171), (-14, -15), [0, 10, 14, 1], 0, 64, 1], [[0, (1, 1)]]], [[0, 1, (-83, -38), (-1, 0), [90, 10, 10, 1], 0, 64, 1], []]]]]
commands: [1, 2, [256, 0, [512, 1, 64], [16, 128], [64, 48, 14, 1]], [19, [16, 128], [[[1, 0, (-140, -185), (-14, -14), [0, 0, 0, 0], 0, 64, 1], []], [[0, 1, (-83, -38), (0, 0), [90, 10, 10, 1], 0, 64, 1], []]]]]
