[1, 0, [256, 0, [512, 1, 64], [16, 128], [200, 10, 10, 1]], None]
[1, 1, [256, 0, [512, 1, 64], [16, 128], [200, 10, 10, 1]], [0, [16, 128], [[[1, 0, (-48, -32), (0, 0), [200, 10, 10, 1], 0, 64, 1], None], [[0, 1, (48, 32), (0, 0), [134, 64, 10, 1], 0, 64, 1], None]]]]
[1, 1, [256, 0, [512, 1, 64], [16, 128], [200, 10, 10, 1]], [1, [16, 128], [[[1, 0, (-47, -32), (1, 0), [200, 10, 10, 1], 0, 64, 1], None], [[0, 1, (47, 32), (-1, 0), [134, 64, 10, 1], 0, 64, 1], None]]]]
[1, 1, [256, 0, [512, 1, 64], [16, 128], [200, 10, 10, 1]], [2, [16, 128], [[[1, 0, (-46, -33), (1, -1), [199, 10, 10, 1], 0, 64, 1], [[0, (1, 1)]]], [[0, 1, (45, 32), (-2, 0), [134, 64, 10, 1], 0, 64, 1], None]]]]
[1, 1, [256, 0, [512, 1, 64], [16, 128], [200, 10, 10, 1]], [3, [16, 128], [[[1, 0, (-45, -35), (1, -2), [198, 10, 10, 1], 0, 64, 1], [[0, (1, 1)]]], [[0, 1, (42, 32), (-3, 0), [134, 64, 10, 1], 0, 64, 1], None]]]]
[1, 1, [256, 0, [512, 1, 64], [16, 128], [200, 10, 10, 1]], [4, [16, 128], [[[1, 0, (-44, -38), (1, -3), [197, 10, 10, 1], 0, 64, 1], [[0, (1, 1)]]], [[0, 1, (38, 32), (-4, 0), [134, 64, 10, 1], 0, 64, 1], None]]]]
[1, 1, [256, 0, [512, 1, 64], [16, 128], [200, 10, 10, 1]], [5, [16, 128], [[[1, 0, (-43, -42), (1, -4), [196, 10, 10, 1], 0, 64, 1], [[0, (1, 1)]]], [[0, 1, (33, 32), (-5, 0), [134, 64, 10, 1], 0, 64, 1], None]]]]
[1, 1, [256, 0, [512, 1, 64], [16, 128], [200, 10, 10, 1]], [6, [16, 128], [[[1, 0, (-42, -47), (1, -5), [195, 10, 10, 1], 0, 64, 1], [[0, (1, 1)]]], [[0, 1, (27, 32), (-6, 0), [134, 64, 10, 1], 0, 64, 1], None]]]]
[1, 1, [256, 0, [512, 1, 64], [16, 128], [200, 10, 10, 1]], [7, [16, 128], [[[1, 0, (-42, -52), (0, -5), [194, 10, 10, 1], 0, 64, 1], [[0, (1, 1)]]], [[0, 1, (21, 31), (-6, -1), [134, 64, 10, 1], 0, 64, 1], None]]]]
[1, 1, [256, 0, [512, 1, 64], [16, 128], [200, 10, 10, 1]], [8, [16, 128], [[[1, 0, (-42, -56), (0, -4), [194, 10, 10, 1], 0, 64, 1], None], [[0, 1, (15, 29), (-6, -2), [134, 64, 10, 1], 0, 64, 1], None]]]]
[1, 1, [256, 0, [512, 1, 64], [16, 128], [200, 10, 10, 1]], [9, [16, 128], [[[1, 0, (-42, -59), (0, -3), [194, 10, 10, 1], 0, 64, 1], None], [[0, 1, (9, 26), (-6, -3), [134, 64, 10, 1], 0, 64, 1], None]]]]
[1, 1, [256, 0, [512, 1, 64], [16, 128], [200, 10, 10, 1]], [10, [16, 128], [[[1, 0, (-42, -61), (0, -2), [194, 10, 10, 1], 0, 64, 1], None], [[0, 1, (3, 22), (-6, -4), [134, 64, 10, 1], 0, 64, 1], None]]]]
[1, 1, [256, 0, [512, 1, 64], [16, 128], [200, 10, 10, 1]], [11, [16, 128], [[[1, 0, (-42, -62), (0, -1), [194, 10, 10, 1], 0, 64, 1], None], [[0, 1, (-3, 17), (-6, -5), [134, 64, 10, 1], 0, 64, 1], None]]]]
[1, 2, [256, 0, [512, 1, 64], [16, 128], [200, 10, 10, 1]], [12, [16, 128], [[[1, 0, (-42, -62), (0, 0), [194, 10, 10, 1], 0, 64, 1], None], [[0, 1, (-9, 11), (-6, -6), [0, 0, 0, 0], 0, 64, 1], None]]]]
