join: [1, 0, [256, 0, [512, 1, 64], [16, 128], [64, 48, 14, 1]], []]
start: [1, 1, [256, 0, [512, 1, 64], [16, 128], [64, 48, 14, 1]], [0, [16, 128], [[[1, 0, (5, -48), (0, 0), [64, 48, 14, 1], 0, 64, 1], []], [[0, 1, (-5, 48), (0, 0), [100, 10, 10, 1], 0, 64, 1], []]]]]
commands: [1, 1, [256, 0, [512, 1, 64], [16, 128], [64, 48, 14, 1]], [1, [16, 128], [[[1, 0, (6, -48), (1, 0), [63, 48, 14, 1], 0, 64, 1], [[0, (-1, 1)]]], [[0, 1, (-5, 47), (0, -1), [100, 10, 10, 1], 0, 64, 1], []]]]]
commands: [1, 1, [256, 0, [512, 1, 64], [16, 128], [64, 48, 14, 1]], [2, [16, 128], [[[1, 0, (8, -48), (2, 0), [62, 48, 14, 1], 0, 64, 1], [[0, (-1, 1)]]], [[0, 1, (-6, 46), (-1, -1), [99, 10, 10, 1], 0, 64, 1], [[0, (1, -1)]]]]]]
commands: [1, 1, [256, 0, [512, 1, 64], [16, 128], [64, 48, 14, 1]], [3, [16, 128], [[[1, 0, (11, -48), (3, 0), [61, 48, 14, 1], 0, 64, 1], [[0, (-1, 1)]]], [[0, 1, (-8, 45), (-2, -1), [98, 10, 10, 1], 0, 64, 1], [[0, (1, -1)]]]]]]
commands: [1, 1, [256, 0, [512, 1, 64], [16, 128], [64, 48, 14, 1]], [4, [16, 128], [[[1, 0, (15, -48), (4, 0), [60, 48, 14, 1], 0, 64, 1], [[0, (-1, 1)]]], [[0, 1, (-11, 44), (-3, -1), [97, 10, 10, 1], 0, 64, 1], [[0, (1, -1)]]]]]]
commands: [1, 1, [256, 0, [512, 1, 64], [16, 128], [64, 48, 14, 1]], [5, [16, 128], [[[1, 0, (20, -48), (5, 0), [59, 48, 14, 1], 0, 64, 1], [[0, (-1, 1)]]], [[0, 1, (-15, 43), (-4, -1), [96, 10, 10, 1], 0, 64, 1], [[0, (1, -1)]]]]]]
commands: [1, 1, [256, 0, [512, 1, 64], [16, 128], [64, 48, 14, 1]], [6, [16, 128], [[[1, 0, (26, -48), (6, 0), [58, 48, 14, 1], 0, 64, 1], [[0, (-1, 1)]]], [[0, 1, (-20, 42), (-5, -1), [95, 10, 10, 1], 0, 64, 1], [[0, (1, -1)]]]]]]
commands: [1, 1, [256, 0, [512, 1, 64], [16, 128], [64, 48, 14, 1]], [7, [16, 128], [[[1, 0, (33, -48), (7, 0), [57, 48, 14, 1], 0, 64, 1], [[0, (-1, 1)]]], [[0, 1, (-26, 41), (-6, -1), [94, 10, 10, 1], 0, 64, 1], [[0, (1, -1)]]]]]]
commands: [1, 1, [256, 0, [512, 1, 64], [16, 128], [64, 48, 14, 1]], [8, [16, 128], [[[1, 0, (41, -48), (8, 0), [56, 48, 14, 1], 0, 64, 1], [[0, (-1, 1)]]], [[0, 1, (-33, 40), (-7, -1), [93, 10, 10, 1], 0, 64, 1], [[0, (1, -1)]]]]]]
commands: [1, 1, [256, 0, [512, 1, 64], [16, 128], [64, 48, 14, 1]], [9, [16, 128], [[[1, 0, (50, -48), (9, 0), [55, 48, 14, 1], 0, 64, 1], [[0, (-1, 1)]]], [[0, 1, (-41, 39), (-8, -1), [92, 10, 10, 1], 0, 64, 1], [[0, (1, -1)]]]]]]
commands: [1, 1, [256, 0, [512, 1, 64], [16, 128], [64, 48, 14, 1]], [10, [16, 128], [[[1, 0, (59, -49), (9, -1), [54, 48, 14, 1], 0, 64, 1], [[0, (-1, 1)]]], [[0, 1, (-49, 39), (-8, 0), [91, 10, 10, 1], 0, 64, 1], [[0, (1, -1)]]]]]]
commands: [1, 1, [256, 0, [512, 1, 64], [16, 128], [64, 48, 14, 1]], [11, [16, 128], [[[1, 0, (68, -51), (9, -2), [53, 48, 14, 1], 0, 64, 1], [[0, (-1, 1)]]], [[0, 1, (-56, 39), (-7, 0), [91, 10, 10, 1], 0, 64, 1], []]]]]
commands: [1, 1, [256, 0, [512, 1, 64], [16, 128], [64, 48, 14, 1]], [12, [16, 128], [[[1, 0, (77, -54), (9, -3), [52, 48, 14, 1], 0, 64, 1], [[0, (-1, 1)]]], [[0, 1, (-62, 39), (-6, 0), [91, 10, 10, 1], 0, 64, 1], []]]]]
commands: [1, 1, [256, 0, [512, 1, 64], [16, 128], [64, 48, 14, 1]], [13, [16, 128], [[[1, 0, (86, -58), (9, -4), [51, 48, 14, 1], 0, 64, 1], [[0, (-1, 1)]]], [[0, 1, (-67, 39), (-5, 0), [91, 10, 10, 1], 0, 64, 1], []]]]]
commands: [1, 1, [256, 0, [512, 1, 64], [16, 128], [64, 48, 14, 1]], [14, [16, 128], [[[1, 0, (95, -63), (9, -5), [50, 48, 14, 1], 0, 64, 1], [[0, (-1, 1)]]], [[0, 1, (-71, 39), (-4, 0), [91, 10, 10, 1], 0, 64, 1], []]]]]
commands: [1, 1, [256, 0, [512, 1, 64], [16, 128], [64, 48, 14, 1]], [15, [16, 128], [[[1, 0, (104, -69), (9, -6), [49, 48, 14, 1], 0, 64, 1], [[0, (-1, 1)]]], [[0, 1, (-74, 39), (-3, 0), [91, 10, 10, 1], 0, 64, 1], []]]]]
commands: [1, 1, [256, 0, [512, 1, 64], [16, 128], [64, 48, 14, 1]], [16, [16, 128], [[[1, 0, (113, -76), (9, -7), [48, 48, 14, 1], 0, 64, 1], [[0, (-1, 1)]]], [[0, 1, (-76, 39), (-2, 0), [91, 10, 10, 1], 0, 64, 1], []]]]]
commands: [1, 1, [256, 0, [512, 1, 64], [16, 128], [64, 48, 14, 1]], [17, [16, 128], [[[1, 0, (122, -84), (9, -8), [47, 48, 14, 1], 0, 64, 1], [[0, (-1, 1)]]], [[0, 1, (-77, 39), (-1, 0), [91, 10, 10, 1], 0, 64, 1], []]]]]
commands: [1, 1, [256, 0, [512, 1, 64], [16, 128], [64, 48, 14, 1]], [18, [16, 128], [[[1, 0, (131, -93), (9, -9), [43, 48, 14, 1], 0, 64, 1], [[0, (-1, 1)]]], [[0, 1, (-77, 39), (0, 0), [91, 10, 10, 1], 0, 64, 1], []]]]]
commands: [1, 1, [256, 0, [512, 1, 64], [16, 128], [64, 48, 14, 1]], [19, [16, 128], [[[1, 0, (140, -103), (9, -10), [30, 48, 14, 1], 0, 64, 1], [[0, (-1, 1)]]], [[0, 1, (-76, 39), (1, 0), [91, 10, 10, 1], 0, 64, 1], []]]]]
commands: [1, 1, [256, 0, [512, 1, 64], [16, 128], [64, 48, 14, 1]], [20, [16, 128], [[[1, 0, (149, -114), (9, -11), [8, 48, 14, 1], 0, 64, 1], [[0, (-1, 1)]]], [[0, 1, (-74, 39), (2, 0), [91, 10, 10, 1], 0, 64, 1], []]]]]
commands: [1, 1, [256, 0, [512, 1, 64], [16, 128], [64, 48, 14, 1]], [21, [16, 128], [[[1, 0, (158, -126), (9, -12), [0, 25, 14, 1], 0, 64, 1], [[0, (-1, 1)]]], [[0, 1, (-71, 39), (3, 0), [91, 10, 10, 1], 0, 64, 1], []]]]]
commands: [1, 1, [256, 0, [512, 1, 64], [16, 128], [64, 48, 14, 1]], [22, [16, 128], [[[1, 0, (166, -138), (8, -12), [0, 0, 1, 1], 0, 64, 1], []], [[0, 1, (-67, 39), (4, 0), [91, 10, 10, 1], 0, 64, 1], []]]]]
commands: [1, 2, [256, 0, [512, 1, 64], [16, 128], [64, 48, 14, 1]], [23, [16, 128], [[[1, 0, (173, -150), (7, -12), [0, 0, 0, 0], 0, 64, 1], []], [[0, 1, (-62, 39), (5, 0), [91, 10, 10, 1], 0, 64, 1], []]]]]
