[1, 0, [256, 0, [512, 1, 64], [16, 128], [64, 48, 14, 1]], None]
[1, 1, [256, 0, [512, 1, 64], [16, 128], [64, 48, 14, 1]], [0, [16, 128], [[[1, 0, (48, -16), (0, 0), [64, 48, 14, 1], 0, 64, 1], None], [[0, 1, (-48, 16), (0, 0), [5, 5, 5, 5], 0, 64, 1], None]]]]
[1, 1, [256, 0, [512, 1, 64], [16, 128], [64, 48, 14, 1]], [1, [16, 128], [[[1, 0, (47, -16), (-1, 0), [64, 48, 14, 1], 34, 64, 1], [[2, (-47, 15), 48, 0, 4]]], [[0, 1, (-47, 16), (1, 0), [5, 5, 5, 5], 0, 64, 1], None]]]]
[1, 1, [256, 0, [512, 1, 64], [16, 128], [64, 48, 14, 1]], [2, [16, 128], [[[1, 0, (45, -16), (-2, 0), [60, 48, 14, 1], 64, 64, 1], [[2, (-45, 15), 48, 0, 4]]], [[0, 1, (-45, 16), (2, 0), [5, 5, 5, 5], 0, 64, 1], None]]]]
[1, 1, [256, 0, [512, 1, 64], [16, 128], [64, 48, 14, 1]], [3, [16, 128], [[[1, 0, (42, -16), (-3, 0), [26, 48, 14, 1], 64, 64, 1], [[2, (-42, 15), 48, 0, 4]]], [[0, 1, (-42, 16), (3, 0), [5, 5, 5, 5], 0, 64, 1], None]]]]
[1, 1, [256, 0, [512, 1, 64], [16, 128], [64, 48, 14, 1]], [4, [16, 128], [[[1, 0, (38, -16), (-4, 0), [0, 40, 14, 1], 64, 64, 1], [[2, (-38, 15), 48, 0, 4]]], [[0, 1, (-38, 16), (4, 0), [5, 5, 5, 5], 0, 64, 1], None]]]]
[1, 1, [256, 0, [512, 1, 64], [16, 128], [64, 48, 14, 1]], [5, [16, 128], [[[1, 0, (33, -16), (-5, 0), [0, 14, 14, 1], 64, 64, 1], [[2, (-33, 15), 40, 0, 4]]], [[0, 1, (-33, 16), (5, 0), [5, 5, 5, 5], 0, 64, 1], None]]]]
[1, 1, [256, 0, [512, 1, 64], [16, 128], [64, 48, 14, 1]], [6, [16, 128], [[[1, 0, (27, -16), (-6, 0), [0, 14, 14, 1], 64, 64, 1], [[2, (-27, 15), 14, 0, 4]]], [[0, 1, (-27, 16), (6, 0), [5, 5, 5, 5], 0, 64, 1], None]]]]
[1, 1, [256, 0, [512, 1, 64], [16, 128], [64, 48, 14, 1]], [7, [16, 128], [[[1, 0, (20, -16), (-7, 0), [0, 14, 14, 1], 64, 64, 1], [[2, (-20, 15), 14, 0, 4]]], [[0, 1, (-20, 16), (7, 0), [5, 5, 5, 5], 0, 64, 1], None]]]]
[1, 2, [256, 0, [512, 1, 64], [16, 128], [64, 48, 14, 1]], [8, [16, 128], [[[1, 0, (12, -16), (-8, 0), [0, 0, 0, 0], 64, 64, 1], None], [[0, 1, (-12, 16), (8, 0), [0, 0, 0, 0], 0, 64, 1], None]]]]
