join: [1, 0, [256, 0, [512, 1, 64], [16, 128], [100, 10, 10, 1]], []]
start: [1, 1, [256, 0, [512, 1, 64], [16, 128], [100, 10, 10, 1]], [0, [16, 128], [[[1, 0, (-43, 48), (0, 0), [100, 10, 10, 1], 0, 64, 1], []], [[0, 1, (43, -48), (0, 0), [446, 0, 0, 1], 0, 64, 1], []]]]]
commands: [1, 1, [256, 0, [512, 1, 64], [16, 128], [100, 10, 10, 1]], [1, [16, 128], [[[1, 0, (-43, 47), (0, -1), [100, 10, 10, 1], 0, 64, 1], []], [[0, 1, (43, -47), (0, 1), [446, 0, 0, 1], 0, 64, 1], []]]]]
commands: [1, 1, [256, 0, [512, 1, 64], [16, 128], [100, 10, 10, 1]], [2, [16, 128], [[[1, 0, (-44, 46), (-1, -1), [99, 10, 10, 1], 0, 64, 1], [[0, (1, -1)]]], [[0, 1, (43, -45), (0, 2), [446, 0, 0, 1], 0, 64, 1], []]]]]
commands: [1, 1, [256, 0, [512, 1, 64], [16, 128], [100, 10, 10, 1]], [3, [16, 128], [[[1, 0, (-46, 45), (-2, -1), [98, 10, 10, 1], 0, 64, 1], [[0, (1, -1)]]], [[0, 1, (43, -42), (0, 3), [446, 0, 0, 1], 0, 64, 1], []]]]]
commands: [1, 1, [256, 0, [512, 1, 64], [16, 128], [100, 10, 10, 1]], [4, [16, 128], [[[1, 0, (-48, 45), (-2, 0), [97, 10, 10, 1], 0, 64, 1], [[0, (1, -1)]]], [[0, 1, (42, -39), (-1, 3), [446, 0, 0, 1], 0, 64, 1], []]]]]
commands: [1, 1, [256, 0, [512, 1, 64], [16, 128], [100, 10, 10, 1]], [5, [16, 128], [[[1, 0, (-49, 45), (-1, 0), [97, 10, 10, 1], 0, 64, 1], []], [[0, 1, (40, -36), (-2, 3), [446, 0, 0, 1], 0, 64, 1], []]]]]
commands: [1, 1, [256, 0, [512, 1, 64], [16, 128], [100, 10, 10, 1]], [6, [16, 128], [[[1, 0, (-49, 45), (0, 0), [97, 10, 10, 1], 0, 64, 1], []], [[0, 1, (37, -33), (-3, 3), [446, 0, 0, 1], 0, 64, 1], []]]]]
commands: [1, 1, [256, 0, [512, 1, 64], [16, 128], [100, 10, 10, 1]], [7, [16, 128], [[[1, 0, (-48, 45), (1, 0), [97, 10, 10, 1], 0, 64, 1], []], [[0, 1, (33, -30), (-4, 3), [446, 0, 0, 1], 0, 64, 1], []]]]]
commands: [1, 1, [256, 0, [512, 1, 64], [16, 128], [100, 10, 10, 1]], [8, [16, 128], [[[1, 0, (-46, 45), (2, 0), [97, 10, 10, 1], 0, 64, 1], []], [[0, 1, (28, -27), (-5, 3), [446, 0, 0, 1], 0, 64, 1], []]]]]
commands: [1, 1, [256, 0, [512, 1, 64], [16, 128], [100, 10, 10, 1]], [9, [16, 128], [[[1, 0, (-44, 46), (2, 1), [96, 10, 10, 1], 0, 64, 1], [[0, (1, -1)]]], [[0, 1, (22, -24), (-6, 3), [446, 0, 0, 1], 0, 64, 1], []]]]]
commands: [1, 1, [256, 0, [512, 1, 64], [16, 128], [100, 10, 10, 1]], [10, [16, 128], [[[1, 0, (-43, 47), (1, 1), [95, 10, 10, 1], 0, 64, 1], [[0, (1, -1)]]], [[0, 1, (16, -20), (-6, 4), [446, 0, 0, 1], 0, 64, 1], []]]]]
commands: [1, 2, [256, 0, [512, 1, 64], [16, 128], [100, 10, 10, 1]], [11, [16, 128], [[[1, 0, (-43, 48), (0, 1), [94, 10, 10, 1], 0, 64, 1], [[0, (1, -1)]]], [[0, 1, (10, -15), (-6, 5), [0, 0, 0, 0], 0, 64, 1], []]]]]
