join: [1, 0, [256, 0, [512, 1, 64], [16, 128], [64, 48, 14, 1]], None]
start: [1, 1, [256, 0, [512, 1, 64], [16, 128], [64, 48, 14, 1]], [0, [16, 128], [[[1, 0, (48, -13), (0, 0), [64, 48, 14, 1], 0, 64, 1], None], [[0, 1, (-48, 13), (0, 0), [446, 0, 0, 1], 0, 64, 1], None]]]]
commands: [1, 1, [256, 0, [512, 1, 64], [16, 128], [64, 48, 14, 1]], [1, [16, 128], [[[1, 0, (47, -13), (-1, 0), [64, 48, 14, 1], 34, 64, 1], [[2, (-48, 13), 48, 0, 4]]], [[0, 1, (-47, 13), (1, 0), [446, 0, 0, 1], 0, 64, 1], None]]]]
commands: [1, 1, [256, 0, [512, 1, 64], [16, 128], [64, 48, 14, 1]], [2, [16, 128], [[[1, 0, (46, -14), (-1, -1), [51, 48, 14, 1], 64, 64, 1], [[0, (-1, 1)], [2, (-46, 13), 48, 0, 4]]], [[0, 1, (-45, 13), (2, 0), [446, 0, 0, 1], 0, 64, 1], None]]]]
commands: [1, 1, [256, 0, [512, 1, 64], [16, 128], [64, 48, 14, 1]], [3, [16, 128], [[[1, 0, (45, -16), (-1, -2), [8, 48, 14, 1], 64, 64, 1], [[0, (-1, 1)], [2, (-43, 13), 48, 0, 4]]], [[0, 1, (-42, 13), (3, 0), [446, 0, 0, 1], 0, 64, 1], None]]]]
commands: [1, 1, [256, 0, [512, 1, 64], [16, 128], [64, 48, 14, 1]], [4, [16, 128], [[[1, 0, (44, -19), (-1, -3), [0, 13, 14, 1], 64, 64, 1], [[0, (-1, 1)], [2, (-39, 13), 48, 0, 4]]], [[0, 1, (-38, 13), (4, 0), [446, 0, 0, 1], 0, 64, 1], None]]]]
commands: [1, 1, [256, 0, [512, 1, 64], [16, 128], [64, 48, 14, 1]], [5, [16, 128], [[[1, 0, (42, -22), (-2, -3), [0, 13, 14, 1], 63, 64, 1], [[2, (-34, 13), 13, 0, 4]]], [[0, 1, (-33, 13), (5, 0), [446, 0, 0, 1], 0, 64, 1], None]]]]
commands: [1, 1, [256, 0, [512, 1, 64], [16, 128], [64, 48, 14, 1]], [6, [16, 128], [[[1, 0, (39, -25), (-3, -3), [0, 13, 14, 1], 62, 64, 1], [[2, (-28, 13), 13, 0, 4]]], [[0, 1, (-27, 13), (6, 0), [446, 0, 0, 1], 0, 64, 1], None]]]]
commands: [1, 1, [256, 0, [512, 1, 64], [16, 128], [64, 48, 14, 1]], [7, [16, 128], [[[1, 0, (35, -28), (-4, -3), [0, 13, 14, 1], 61, 64, 1], [[2, (-21, 13), 13, 0, 4]]], [[0, 1, (-20, 13), (7, 0), [446, 0, 0, 1], 0, 64, 1], None]]]]
commands: [1, 2, [256, 0, [512, 1, 64], [16, 128], [64, 48, 14, 1]], [8, [16, 128], [[[1, 0, (30, -31), (-5, -3), [0, 13, 14, 1], 60, 64, 1], [[2, (-13, 13), 13, 0, 4]]], [[0, 1, (-12, 13), (8, 0), [0, 0, 0, 0], 0, 64, 1], None]]]]
