[1, 0, [256, 0, [512, 1, 64], [16, 128], [200, 10, 10, 1]], None]
[1, 1, [256, 0, [512, 1, 64], [16, 128], [200, 10, 10, 1]], [0, [16, 128], [[[1, 0, (40, 48), (0, 0), [200, 10, 10, 1], 0, 64, 1], None], [[0, 1, (-40, -48), (0, 0), [134, 64, 10, 1], 0, 64, 1], None]]]]
[1, 1, [256, 0, [512, 1, 64], [16, 128], [200, 10, 10, 1]], [1, [16, 128], [[[1, 0, (40, 47), (0, -1), [200, 10, 10, 1], 0, 64, 1], None], [[0, 1, (-41, -48), (-1, 0), [133, 64, 10, 1], 0, 64, 1], [[0, (1, 1)]]]]]]
[1, 1, [256, 0, [512, 1, 64], [16, 128], [200, 10, 10, 1]], [2, [16, 128], [[[1, 0, (41, 46), (1, -1), [199, 10, 10, 1], 0, 64, 1], [[0, (-1, -1)]]], [[0, 1, (-43, -48), (-2, 0), [132, 64, 10, 1], 0, 64, 1], [[0, (1, 1)]]]]]]
[1, 1, [256, 0, [512, 1, 64], [16, 128], [200, 10, 10, 1]], [3, [16, 128], [[[1, 0, (43, 45), (2, -1), [198, 10, 10, 1], 0, 64, 1], [[0, (-1, -1)]]], [[0, 1, (-46, -48), (-3, 0), [131, 64, 10, 1], 0, 64, 1], [[0, (1, 1)]]]]]]
[1, 1, [256, 0, [512, 1, 64], [16, 128], [200, 10, 10, 1]], [4, [16, 128], [[[1, 0, (46, 44), (3, -1), [197, 10, 10, 1], 0, 64, 1], [[0, (-1, -1)]]], [[0, 1, (-49, -47), (-3, 1), [131, 64, 10, 1], 0, 64, 1], None]]]]
[1, 1, [256, 0, [512, 1, 64], [16, 128], [200, 10, 10, 1]], [5, [16, 128], [[[1, 0, (49, 44), (3, 0), [196, 10, 10, 1], 0, 64, 1], [[0, (-1, -1)]]], [[0, 1, (-52, -46), (-3, 1), [130, 64, 10, 1], 0, 64, 1], [[0, (1, 0)]]]]]]
[1, 1, [256, 0, [512, 1, 64], [16, 128], [200, 10, 10, 1]], [6, [16, 128], [[[1, 0, (51, 44), (2, 0), [196, 10, 10, 1], 0, 64, 1], None], [[0, 1, (-55, -45), (-3, 1), [129, 64, 10, 1], 0, 64, 1], [[0, (1, 0)]]]]]]
[1, 1, [256, 0, [512, 1, 64], [16, 128], [200, 10, 10, 1]], [7, [16, 128], [[[1, 0, (52, 44), (1, 0), [196, 10, 10, 1], 0, 64, 1], None], [[0, 1, (-57, -44), (-2, 1), [129, 64, 10, 1], 0, 64, 1], None]]]]
[1, 1, [256, 0, [512, 1, 64], [16, 128], [200, 10, 10, 1]], [8, [16, 128], [[[1, 0, (52, 44), (0, 0), [196, 10, 10, 1], 0, 64, 1], None], [[0, 1, (-59, -44), (-2, 0), [128, 64, 10, 1], 0, 64, 1], [[0, (1, 1)]]]]]]
[1, 1, [256, 0, [512, 1, 64], [16, 128], [200, 10, 10, 1]], [9, [16, 128], [[[1, 0, (51, 44), (-1, 0), [196, 10, 10, 1], 0, 64, 1], None], [[0, 1, (-60, -44), (-1, 0), [128, 64, 10, 1], 0, 64, 1], None]]]]
[1, 1, [256, 0, [512, 1, 64], [16, 128], [200, 10, 10, 1]], [10, [16, 128], [[[1, 0, (49, 44), (-2, 0), [196, 10, 10, 1], 0, 64, 1], None], [[0, 1, (-61, -45), (-1, -1), [127, 64, 10, 1], 0, 64, 1], [[0, (1, 1)]]]]]]
[1, 1, [256, 0, [512, 1, 64], [16, 128], [200, 10, 10, 1]], [11, [16, 128], [[[1, 0, (46, 44), (-3, 0), [196, 10, 10, 1], 0, 64, 1], None], [[0, 1, (-61, -46), (0, -1), [127, 64, 10, 1], 0, 64, 1], None]]]]
[1, 1, [256, 0, [512, 1, 64], [16, 128], [200, 10, 10, 1]], [12, [16, 128], [[[1, 0, (43, 45), (-3, 1), [195, 10, 10, 1], 0, 64, 1], [[0, (-1, -1)]]], [[0, 1, (-61, -48), (0, -2), [126, 64, 10, 1], 0, 64, 1], [[0, (1, 1)]]]]]]
[1, 1, [256, 0, [512, 1, 64], [16, 128], [200, 10, 10, 1]], [13, [16, 128], [[[1, 0, (41, 46), (-2, 1), [194, 10, 10, 1], 0, 64, 1], [[0, (-1, -1)]]], [[0, 1, (-60, -50), (1, -2), [126, 64, 10, 1], 0, 64, 1], None]]]]
[1, 1, [256, 0, [512, 1, 64], [16, 128], [200, 10, 10, 1]], [14, [16, 128], [[[1, 0, (40, 47), (-1, 1), [193, 10, 10, 1], 0, 64, 1], [[0, (-1, -1)]]], [[0, 1, (-58, -53), (2, -3), [125, 64, 10, 1], 0, 64, 1], [[0, (0, 1)]]]]]]
[1, 1, [256, 0, [512, 1, 64], [16, 128], [200, 10, 10, 1]], [15, [16, 128], [[[1, 0, (40, 48), (0, 1), [192, 10, 10, 1], 0, 64, 1], [[0, (-1, -1)]]], [[0, 1, (-55, -57), (3, -4), [124, 64, 10, 1], 0, 64, 1], [[0, (0, 1)]]]]]]
[1, 1, [256, 0, [512, 1, 64], [16, 128], [200, 10, 10, 1]], [16, [16, 128], [[[1, 0, (40, 48), (0, 0), [192, 10, 10, 1], 0, 64, 1], None], [[0, 1, (-52, -61), (3, -4), [123, 64, 10, 1], 0, 64, 1], [[0, (0, 1)]]]]]]
[1, 1, [256, 0, [512, 1, 64], [16, 128], [200, 10, 10, 1]], [17, [16, 128], [[[1, 0, (40, 47), (0, -1), [192, 10, 10, 1], 0, 64, 1], None], [[0, 1, (-48, -65), (4, -4), [122, 64, 10, 1], 0, 64, 1], [[0, (-1, 1)]]]]]]
[1, 1, [256, 0, [512, 1, 64], [16, 128], [200, 10, 10, 1]], [18, [16, 128], [[[1, 0, (41, 46), (1, -1), [191, 10, 10, 1], 0, 64, 1], [[0, (-1, -1)]]], [[0, 1, (-43, -68), (5, -3), [121, 64, 10, 1], 0, 64, 1], [[0, (-1, 0)]]]]]]
[1, 1, [256, 0, [512, 1, 64], [16, 128], [200, 10, 10, 1]], [19, [16, 128], [[[1, 0, (43, 45), (2, -1), [190, 10, 10, 1], 0, 64, 1], [[0, (-1, -1)]]], [[0, 1, (-38, -70), (5, -2), [121, 64, 10, 1], 0, 64, 1], None]]]]
[1, 1, [256, 0, [512, 1, 64], [16, 128], [200, 10, 10, 1]], [20, [16, 128], [[[1, 0, (46, 44), (3, -1), [189, 10, 10, 1], 0, 64, 1], [[0, (-1, -1)]]], [[0, 1, (-33, -71), (5, -1), [121, 64, 10, 1], 0, 64, 1], None]]]]
[1, 1, [256, 0, [512, 1, 64], [16, 128], [200, 10, 10, 1]], [21, [16, 128], [[[1, 0, (49, 44), (3, 0), [188, 10, 10, 1], 0, 64, 1], [[0, (-1, -1)]]], [[0, 1, (-28, -71), (5, 0), [121, 64, 10, 1], 0, 64, 1], None]]]]
[1, 1, [256, 0, [512, 1, 64], [16, 128], [200, 10, 10, 1]], [22, [16, 128], [[[1, 0, (51, 44), (2, 0), [188, 10, 10, 1], 0, 64, 1], None], [[0, 1, (-23, -70), (5, 1), [121, 64, 10, 1], 0, 64, 1], None]]]]
[1, 1, [256, 0, [512, 1, 64], [16, 128], [200, 10, 10, 1]], [23, [16, 128], [[[1, 0, (52, 44), (1, 0), [188, 10, 10, 1], 0, 64, 1], None], [[0, 1, (-18, -68), (5, 2), [121, 64, 10, 1], 0, 64, 1], None]]]]
[1, 1, [256, 0, [512, 1, 64], [16, 128], [200, 10, 10, 1]], [24, [16, 128], [[[1, 0, (52, 44), (0, 0), [188, 10, 10, 1], 0, 64, 1], None], [[0, 1, (-13, -65), (5, 3), [121, 64, 10, 1], 0, 64, 1], None]]]]
[1, 1, [256, 0, [512, 1, 64], [16, 128], [200, 10, 10, 1]], [25, [16, 128], [[[1, 0, (51, 44), (-1, 0), [188, 10, 10, 1], 0, 64, 1], None], [[0, 1, (-8, -61), (5, 4), [121, 64, 10, 1], 0, 64, 1], None]]]]
[1, 1, [256, 0, [512, 1, 64], [16, 128], [200, 10, 10, 1]], [26, [16, 128], [[[1, 0, (49, 44), (-2, 0), [188, 10, 10, 1], 0, 64, 1], None], [[0, 1, (-3, -56), (5, 5), [121, 64, 10, 1], 0, 64, 1], None]]]]
[1, 1, [256, 0, [512, 1, 64], [16, 128], [200, 10, 10, 1]], [27, [16, 128], [[[1, 0, (46, 44), (-3, 0), [188, 10, 10, 1], 0, 64, 1], None], [[0, 1, (2, -50), (5, 6), [121, 64, 10, 1], 0, 64, 1], None]]]]
[1, 1, [256, 0, [512, 1, 64], [16, 128], [200, 10, 10, 1]], [28, [16, 128], [[[1, 0, (43, 45), (-3, 1), [187, 10, 10, 1], 0, 64, 1], [[0, (-1, -1)]]], [[0, 1, (7, -43), (5, 7), [121, 64, 10, 1], 0, 64, 1], None]]]]
[1, 1, [256, 0, [512, 1, 64], [16, 128], [200, 10, 10, 1]], [29, [16, 128], [[[1, 0, (41, 46), (-2, 1), [186, 10, 10, 1], 0, 64, 1], [[0, (-1, -1)]]], [[0, 1, (12, -35), (5, 8), [121, 64, 10, 1], 0, 64, 1], None]]]]
[1, 1, [256, 0, [512, 1, 64], [16, 128], [200, 10, 10, 1]], [30, [16, 128], [[[1, 0, (40, 47), (-1, 1), [185, 10, 10, 1], 0, 64, 1], [[0, (-1, -1)]]], [[0, 1, (17, -26), (5, 9), [121, 64, 10, 1], 0, 64, 1], None]]]]
[1, 1, [256, 0, [512, 1, 64], [16, 128], [200, 10, 10, 1]], [31, [16, 128], [[[1, 0, (40, 48), (0, 1), [184, 10, 10, 1], 4, 64, 1], [[0, (-1, -1)]]], [[0, 1, (22, -16), (5, 10), [121, 64, 10, 1], 54, 64, 1], [[2, (39, 47), 64, 27, 4]]]]]]
[1, 1, [256, 0, [512, 1, 64], [16, 128], [200, 10, 10, 1]], [32, [16, 128], [[[1, 0, (40, 48), (0, 0), [184, 10, 10, 1], 0, 64, 1], None], [[0, 1, (26, -6), (4, 10), [121, 64, 10, 1], 44, 64, 1], None]]]]
[1, 1, [256, 0, [512, 1, 64], [16, 128], [200, 10, 10, 1]], [33, [16, 128], [[[1, 0, (40, 47), (0, -1), [184, 10, 10, 1], 0, 64, 1], None], [[0, 1, (29, 4), (3, 10), [121, 64, 10, 1], 34, 64, 1], None]]]]
[1, 1, [256, 0, [512, 1, 64], [16, 128], [200, 10, 10, 1]], [34, [16, 128], [[[1, 0, (41, 46), (1, -1), [183, 10, 10, 1], 0, 64, 1], [[0, (-1, -1)]]], [[0, 1, (31, 14), (2, 10), [121, 64, 10, 1], 24, 64, 1], None]]]]
[1, 1, [256, 0, [512, 1, 64], [16, 128], [200, 10, 10, 1]], [35, [16, 128], [[[1, 0, (43, 45), (2, -1), [182, 10, 10, 1], 0, 64, 1], [[0, (-1, -1)]]], [[0, 1, (32, 23), (1, 9), [120, 64, 10, 1], 22, 64, 1], [[0, (0, 1)]]]]]]
[1, 1, [256, 0, [512, 1, 64], [16, 128], [200, 10, 10, 1]], [36, [16, 128], [[[1, 0, (46, 44), (3, -1), [181, 10, 10, 1], 0, 64, 1], [[0, (-1, -1)]]], [[0, 1, (32, 32), (0, 9), [120, 64, 10, 1], 12, 64, 1], None]]]]
[1, 1, [256, 0, [512, 1, 64], [16, 128], [200, 10, 10, 1]], [37, [16, 128], [[[1, 0, (49, 44), (3, 0), [180, 10, 10, 1], 0, 64, 1], [[0, (-1, -1)]]], [[0, 1, (31, 40), (-1, 8), [120, 64, 10, 1], 2, 64, 1], None]]]]
[1, 1, [256, 0, [512, 1, 64], [16, 128], [200, 10, 10, 1]], [38, [16, 128], [[[1, 0, (51, 44), (2, 0), [136, 10, 10, 1], 64, 64, 1], None], [[0, 1, (30, 47), (-1, 7), [120, 64, 10, 1], 56, 64, 1], [[2, (51, 44), 64, 118, 4]]]]]]
[1, 1, [256, 0, [512, 1, 64], [16, 128], [200, 10, 10, 1]], [39, [16, 128], [[[1, 0, (52, 44), (1, 0), [136, 10, 10, 1], 54, 64, 1], None], [[0, 1, (29, 53), (-1, 6), [120, 64, 10, 1], 46, 64, 1], None]]]]
[1, 1, [256, 0, [512, 1, 64], [16, 128], [200, 10, 10, 1]], [40, [16, 128], [[[1, 0, (52, 44), (0, 0), [136, 10, 10, 1], 44, 64, 1], None], [[0, 1, (28, 58), (-1, 5), [120, 64, 10, 1], 36, 64, 1], None]]]]
[1, 1, [256, 0, [512, 1, 64], [16, 128], [200, 10, 10, 1]], [41, [16, 128], [[[1, 0, (51, 44), (-1, 0), [136, 10, 10, 1], 34, 64, 1], None], [[0, 1, (27, 62), (-1, 4), [120, 64, 10, 1], 26, 64, 1], None]]]]
[1, 1, [256, 0, [512, 1, 64], [16, 128], [200, 10, 10, 1]], [42, [16, 128], [[[1, 0, (49, 44), (-2, 0), [136, 10, 10, 1], 24, 64, 1], None], [[0, 1, (26, 66), (-1, 4), [119, 64, 10, 1], 24, 64, 1], [[0, (0, -1)]]]]]]
[1, 1, [256, 0, [512, 1, 64], [16, 128], [200, 10, 10, 1]], [43, [16, 128], [[[1, 0, (46, 44), (-3, 0), [136, 10, 10, 1], 14, 64, 1], None], [[0, 1, (25, 69), (-1, 3), [119, 64, 10, 1], 14, 64, 1], None]]]]
[1, 1, [256, 0, [512, 1, 64], [16, 128], [200, 10, 10, 1]], [44, [16, 128], [[[1, 0, (43, 45), (-3, 1), [135, 10, 10, 1], 12, 64, 1], [[0, (-1, -1)]]], [[0, 1, (24, 72), (-1, 3), [118, 64, 10, 1], 12, 64, 1], [[0, (0, -1)]]]]]]
[1, 1, [256, 0, [512, 1, 64], [16, 128], [200, 10, 10, 1]], [45, [16, 128], [[[1, 0, (41, 46), (-2, 1), [134, 10, 10, 1], 10, 64, 1], [[0, (-1, -1)]]], [[0, 1, (23, 75), (-1, 3), [117, 64, 10, 1], 10, 64, 1], [[0, (0, -1)]]]]]]
[1, 1, [256, 0, [512, 1, 64], [16, 128], [200, 10, 10, 1]], [46, [16, 128], [[[1, 0, (40, 47), (-1, 1), [133, 10, 10, 1], 8, 64, 1], [[0, (-1, -1)]]], [[0, 1, (22, 78), (-1, 3), [116, 64, 10, 1], 8, 64, 1], [[0, (0, -1)]]]]]]
[1, 1, [256, 0, [512, 1, 64], [16, 128], [200, 10, 10, 1]], [47, [16, 128], [[[1, 0, (40, 48), (0, 1), [132, 10, 10, 1], 6, 64, 1], [[0, (-1, -1)]]], [[0, 1, (21, 81), (-1, 3), [109, 64, 10, 1], 64, 64, 1], [[0, (0, -1)], [2, (39, 47), 64, 0, 4]]]]]]
[1, 1, [256, 0, [512, 1, 64], [16, 128], [200, 10, 10, 1]], [48, [16, 128], [[[1, 0, (40, 48), (0, 0), [132, 10, 10, 1], 0, 64, 1], None], [[0, 1, (20, 83), (-1, 2), [109, 64, 10, 1], 54, 64, 1], None]]]]
[1, 1, [256, 0, [512, 1, 64], [16, 128], [200, 10, 10, 1]], [49, [16, 128], [[[1, 0, (40, 47), (0, -1), [132, 10, 10, 1], 0, 64, 1], None], [[0, 1, (20, 85), (0, 2), [108, 64, 10, 1], 52, 64, 1], [[0, (-1, -1)]]]]]]
[1, 1, [256, 0, [512, 1, 64], [16, 128], [200, 10, 10, 1]], [50, [16, 128], [[[1, 0, (41, 46), (1, -1), [131, 10, 10, 1], 0, 64, 1], [[0, (-1, -1)]]], [[0, 1, (20, 86), (0, 1), [108, 64, 10, 1], 42, 64, 1], None]]]]
[1, 1, [256, 0, [512, 1, 64], [16, 128], [200, 10, 10, 1]], [51, [16, 128], [[[1, 0, (43, 45), (2, -1), [130, 10, 10, 1], 0, 64, 1], [[0, (-1, -1)]]], [[0, 1, (21, 87), (1, 1), [107, 64, 10, 1], 40, 64, 1], [[0, (-1, -1)]]]]]]
[1, 1, [256, 0, [512, 1, 64], [16, 128], [200, 10, 10, 1]], [52, [16, 128], [[[1, 0, (46, 44), (3, -1), [129, 10, 10, 1], 0, 64, 1], [[0, (-1, -1)]]], [[0, 1, (22, 87), (1, 0), [107, 64, 10, 1], 30, 64, 1], None]]]]
[1, 1, [256, 0, [512, 1, 64], [16, 128], [200, 10, 10, 1]], [53, [16, 128], [[[1, 0, (49, 44), (3, 0), [128, 10, 10, 1], 0, 64, 1], [[0, (-1, -1)]]], [[0, 1, (23, 86), (1, -1), [107, 64, 10, 1], 20, 64, 1], None]]]]
[1, 1, [256, 0, [512, 1, 64], [16, 128], [200, 10, 10, 1]], [54, [16, 128], [[[1, 0, (51, 44), (2, 0), [128, 10, 10, 1], 0, 64, 1], None], [[0, 1, (24, 84), (1, -2), [107, 64, 10, 1], 10, 64, 1], None]]]]
[1, 1, [256, 0, [512, 1, 64], [16, 128], [200, 10, 10, 1]], [55, [16, 128], [[[1, 0, (52, 44), (1, 0), [128, 10, 10, 1], 0, 64, 1], None], [[0, 1, (25, 81), (1, -3), [107, 64, 10, 1], 0, 64, 1], None]]]]
[1, 1, [256, 0, [512, 1, 64], [16, 128], [200, 10, 10, 1]], [56, [16, 128], [[[1, 0, (52, 44), (0, 0), [123, 10, 10, 1], 64, 64, 1], None], [[0, 1, (26, 77), (1, -4), [107, 64, 10, 1], 54, 64, 1], [[2, (52, 44), 64, 79, 4]]]]]]
[1, 1, [256, 0, [512, 1, 64], [16, 128], [200, 10, 10, 1]], [57, [16, 128], [[[1, 0, (51, 44), (-1, 0), [123, 10, 10, 1], 54, 64, 1], None], [[0, 1, (27, 72), (1, -5), [107, 64, 10, 1], 44, 64, 1], None]]]]
[1, 1, [256, 0, [512, 1, 64], [16, 128], [200, 10, 10, 1]], [58, [16, 128], [[[1, 0, (49, 44), (-2, 0), [123, 10, 10, 1], 44, 64, 1], None], [[0, 1, (28, 66), (1, -6), [107, 64, 10, 1], 34, 64, 1], None]]]]
[1, 1, [256, 0, [512, 1, 64], [16, 128], [200, 10, 10, 1]], [59, [16, 128], [[[1, 0, (46, 44), (-3, 0), [123, 10, 10, 1], 34, 64, 1], None], [[0, 1, (29, 59), (1, -7), [107, 64, 10, 1], 24, 64, 1], None]]]]
[1, 1, [256, 0, [512, 1, 64], [16, 128], [200, 10, 10, 1]], [60, [16, 128], [[[1, 0, (43, 45), (-3, 1), [122, 10, 10, 1], 32, 64, 1], [[0, (-1, -1)]]], [[0, 1, (30, 51), (1, -8), [107, 64, 10, 1], 14, 64, 1], None]]]]
[1, 1, [256, 0, [512, 1, 64], [16, 128], [200, 10, 10, 1]], [61, [16, 128], [[[1, 0, (41, 46), (-2, 1), [121, 10, 10, 1], 30, 64, 1], [[0, (-1, -1)]]], [[0, 1, (31, 42), (1, -9), [107, 64, 10, 1], 4, 64, 1], None]]]]
[1, 1, [256, 0, [512, 1, 64], [16, 128], [200, 10, 10, 1]], [62, [16, 128], [[[1, 0, (40, 47), (-1, 1), [120, 10, 10, 1], 28, 64, 1], [[0, (-1, -1)]]], [[0, 1, (32, 32), (1, -10), [107, 64, 10, 1], 58, 64, 1], [[2, (39, 46), 64, 0, 4]]]]]]
[1, 1, [256, 0, [512, 1, 64], [16, 128], [200, 10, 10, 1]], [63, [16, 128], [[[1, 0, (40, 48), (0, 1), [119, 10, 10, 1], 26, 64, 1], [[0, (-1, -1)]]], [[0, 1, (32, 21), (0, -11), [107, 64, 10, 1], 48, 64, 1], None]]]]
[1, 1, [256, 0, [512, 1, 64], [16, 128], [200, 10, 10, 1]], [64, [16, 128], [[[1, 0, (40, 48), (0, 0), [119, 10, 10, 1], 16, 64, 1], None], [[0, 1, (30, 11), (-2, -10), [106, 64, 10, 1], 46, 64, 1], [[0, (1, -1)]]]]]]
[1, 1, [256, 0, [512, 1, 64], [16, 128], [200, 10, 10, 1]], [65, [16, 128], [[[1, 0, (40, 47), (0, -1), [119, 10, 10, 1], 6, 64, 1], None], [[0, 1, (27, 1), (-3, -10), [106, 64, 10, 1], 36, 64, 1], None]]]]
[1, 1, [256, 0, [512, 1, 64], [16, 128], [200, 10, 10, 1]], [66, [16, 128], [[[1, 0, (41, 46), (1, -1), [118, 10, 10, 1], 4, 64, 1], [[0, (-1, -1)]]], [[0, 1, (23, -9), (-4, -10), [106, 64, 10, 1], 26, 64, 1], None]]]]
[1, 1, [256, 0, [512, 1, 64], [16, 128], [200, 10, 10, 1]], [67, [16, 128], [[[1, 0, (43, 45), (2, -1), [117, 10, 10, 1], 2, 64, 1], [[0, (-1, -1)]]], [[0, 1, (18, -19), (-5, -10), [106, 64, 10, 1], 16, 64, 1], None]]]]
[1, 1, [256, 0, [512, 1, 64], [16, 128], [200, 10, 10, 1]], [68, [16, 128], [[[1, 0, (46, 44), (3, -1), [116, 10, 10, 1], 0, 64, 1], [[0, (-1, -1)]]], [[0, 1, (13, -28), (-5, -9), [106, 64, 10, 1], 6, 64, 1], None]]]]
[1, 1, [256, 0, [512, 1, 64], [16, 128], [200, 10, 10, 1]], [69, [16, 128], [[[1, 0, (49, 44), (3, 0), [115, 10, 10, 1], 0, 64, 1], [[0, (-1, -1)]]], [[0, 1, (8, -36), (-5, -8), [106, 64, 10, 1], 60, 64, 1], [[2, (48, 43), 64, 0, 4]]]]]]
[1, 1, [256, 0, [512, 1, 64], [16, 128], [200, 10, 10, 1]], [70, [16, 128], [[[1, 0, (51, 44), (2, 0), [115, 10, 10, 1], 0, 64, 1], None], [[0, 1, (4, -43), (-4, -7), [105, 64, 10, 1], 58, 64, 1], [[0, (-1, 0)]]]]]]
[1, 1, [256, 0, [512, 1, 64], [16, 128], [200, 10, 10, 1]], [71, [16, 128], [[[1, 0, (52, 44), (1, 0), [115, 10, 10, 1], 0, 64, 1], None], [[0, 1, (0, -49), (-4, -6), [105, 64, 10, 1], 48, 64, 1], None]]]]
[1, 1, [256, 0, [512, 1, 64], [16, 128], [200, 10, 10, 1]], [72, [16, 128], [[[1, 0, (52, 44), (0, 0), [115, 10, 10, 1], 0, 64, 1], None], [[0, 1, (-4, -54), (-4, -5), [105, 64, 10, 1], 38, 64, 1], None]]]]
[1, 1, [256, 0, [512, 1, 64], [16, 128], [200, 10, 10, 1]], [73, [16, 128], [[[1, 0, (51, 44), (-1, 0), [115, 10, 10, 1], 0, 64, 1], None], [[0, 1, (-8, -58), (-4, -4), [105, 64, 10, 1], 28, 64, 1], None]]]]
[1, 1, [256, 0, [512, 1, 64], [16, 128], [200, 10, 10, 1]], [74, [16, 128], [[[1, 0, (49, 44), (-2, 0), [115, 10, 10, 1], 0, 64, 1], None], [[0, 1, (-12, -61), (-4, -3), [105, 64, 10, 1], 18, 64, 1], None]]]]
[1, 1, [256, 0, [512, 1, 64], [16, 128], [200, 10, 10, 1]], [75, [16, 128], [[[1, 0, (46, 44), (-3, 0), [115, 10, 10, 1], 0, 64, 1], None], [[0, 1, (-16, -63), (-4, -2), [105, 64, 10, 1], 8, 64, 1], None]]]]
[1, 1, [256, 0, [512, 1, 64], [16, 128], [200, 10, 10, 1]], [76, [16, 128], [[[1, 0, (43, 45), (-3, 1), [114, 10, 10, 1], 0, 64, 1], [[0, (-1, -1)]]], [[0, 1, (-20, -64), (-4, -1), [105, 64, 10, 1], 0, 64, 1], None]]]]
[1, 1, [256, 0, [512, 1, 64], [16, 128], [200, 10, 10, 1]], [77, [16, 128], [[[1, 0, (41, 46), (-2, 1), [113, 10, 10, 1], 0, 64, 1], [[0, (-1, -1)]]], [[0, 1, (-24, -64), (-4, 0), [105, 64, 10, 1], 0, 64, 1], None]]]]
[1, 1, [256, 0, [512, 1, 64], [16, 128], [200, 10, 10, 1]], [78, [16, 128], [[[1, 0, (40, 47), (-1, 1), [112, 10, 10, 1], 0, 64, 1], [[0, (-1, -1)]]], [[0, 1, (-28, -63), (-4, 1), [105, 64, 10, 1], 0, 64, 1], None]]]]
[1, 1, [256, 0, [512, 1, 64], [16, 128], [200, 10, 10, 1]], [79, [16, 128], [[[1, 0, (40, 48), (0, 1), [111, 10, 10, 1], 0, 64, 1], [[0, (-1, -1)]]], [[0, 1, (-32, -61), (-4, 2), [105, 64, 10, 1], 0, 64, 1], None]]]]
[1, 1, [256, 0, [512, 1, 64], [16, 128], [200, 10, 10, 1]], [80, [16, 128], [[[1, 0, (40, 48), (0, 0), [111, 10, 10, 1], 0, 64, 1], None], [[0, 1, (-36, -58), (-4, 3), [105, 64, 10, 1], 0, 64, 1], None]]]]
[1, 1, [256, 0, [512, 1, 64], [16, 128], [200, 10, 10, 1]], [81, [16, 128], [[[1, 0, (40, 47), (0, -1), [111, 10, 10, 1], 0, 64, 1], None], [[0, 1, (-40, -54), (-4, 4), [105, 64, 10, 1], 0, 64, 1], None]]]]
[1, 1, [256, 0, [512, 1, 64], [16, 128], [200, 10, 10, 1]], [82, [16, 128], [[[1, 0, (41, 46), (1, -1), [110, 10, 10, 1], 0, 64, 1], [[0, (-1, -1)]]], [[0, 1, (-44, -49), (-4, 5), [105, 64, 10, 1], 0, 64, 1], None]]]]
[1, 1, [256, 0, [512, 1, 64], [16, 128], [200, 10, 10, 1]], [83, [16, 128], [[[1, 0, (43, 45), (2, -1), [109, 10, 10, 1], 0, 64, 1], [[0, (-1, -1)]]], [[0, 1, (-48, -43), (-4, 6), [105, 64, 10, 1], 0, 64, 1], None]]]]
[1, 1, [256, 0, [512, 1, 64], [16, 128], [200, 10, 10, 1]], [84, [16, 128], [[[1, 0, (46, 44), (3, -1), [108, 10, 10, 1], 0, 64, 1], [[0, (-1, -1)]]], [[0, 1, (-51, -37), (-3, 6), [105, 64, 10, 1], 0, 64, 1], None]]]]
[1, 1, [256, 0, [512, 1, 64], [16, 128], [200, 10, 10, 1]], [85, [16, 128], [[[1, 0, (49, 44), (3, 0), [107, 10, 10, 1], 0, 64, 1], [[0, (-1, -1)]]], [[0, 1, (-53, -31), (-2, 6), [105, 64, 10, 1], 0, 64, 1], None]]]]
