[1, 0, [256, 0, [512, 1, 64], [16, 128], [200, 10, 10, 1]], None]
[1, 1, [256, 0, [512, 1, 64], [16, 128], [200, 10, 10, 1]], [0, [16, 128], [[[1, 0, (43, 48), (0, 0), [200, 10, 10, 1], 0, 64, 1], None], [[0, 1, (-43, -48), (0, 0), [30, 96, 8, 1], 0, 64, 1], None]]]]
[1, 1, [256, 0, [512, 1, 64], [16, 128], [200, 10, 10, 1]], [1, [16, 128], [[[1, 0, (43, 47), (0, -1), [128, 10, 10, 1], 64, 64, 1], None], [[0, 1, (-43, -47), (0, 1), [6, 96, 8, 1], 64, 64, 1], [[2, (43, 47), 96, 146, 4]]]]]]
[1, 1, [256, 0, [512, 1, 64], [16, 128], [200, 10, 10, 1]], [2, [16, 128], [[[1, 0, (44, 46), (1, -1), [127, 10, 10, 1], 62, 64, 1], [[0, (-1, -1)]]], [[0, 1, (-43, -45), (0, 2), [6, 96, 8, 1], 56, 64, 1], None]]]]
[1, 1, [256, 0, [512, 1, 64], [16, 128], [200, 10, 10, 1]], [3, [16, 128], [[[1, 0, (46, 45), (2, -1), [126, 10, 10, 1], 60, 64, 1], [[0, (-1, -1)]]], [[0, 1, (-43, -42), (0, 3), [6, 96, 8, 1], 48, 64, 1], None]]]]
[1, 1, [256, 0, [512, 1, 64], [16, 128], [200, 10, 10, 1]], [4, [16, 128], [[[1, 0, (48, 45), (2, 0), [125, 10, 10, 1], 58, 64, 1], [[0, (-1, -1)]]], [[0, 1, (-42, -39), (1, 3), [6, 96, 8, 1], 40, 64, 1], None]]]]
[1, 1, [256, 0, [512, 1, 64], [16, 128], [200, 10, 10, 1]], [5, [16, 128], [[[1, 0, (49, 45), (1, 0), [125, 10, 10, 1], 48, 64, 1], None], [[0, 1, (-40, -36), (2, 3), [6, 96, 8, 1], 32, 64, 1], None]]]]
[1, 1, [256, 0, [512, 1, 64], [16, 128], [200, 10, 10, 1]], [6, [16, 128], [[[1, 0, (49, 45), (0, 0), [1, 10, 10, 1], 64, 64, 1], None], [[0, 1, (-37, -33), (3, 3), [0, 46, 8, 1], 64, 64, 1], [[2, (49, 45), 96, 150, 4]]]]]]
[1, 1, [256, 0, [512, 1, 64], [16, 128], [200, 10, 10, 1]], [7, [16, 128], [[[1, 0, (48, 45), (-1, 0), [1, 10, 10, 1], 54, 64, 1], None], [[0, 1, (-33, -30), (4, 3), [0, 46, 8, 1], 56, 64, 1], None]]]]
[1, 1, [256, 0, [512, 1, 64], [16, 128], [200, 10, 10, 1]], [8, [16, 128], [[[1, 0, (46, 45), (-2, 0), [1, 10, 10, 1], 44, 64, 1], None], [[0, 1, (-28, -27), (5, 3), [0, 46, 8, 1], 48, 64, 1], None]]]]
[1, 1, [256, 0, [512, 1, 64], [16, 128], [200, 10, 10, 1]], [9, [16, 128], [[[1, 0, (44, 46), (-2, 1), [0, 10, 10, 1], 42, 64, 1], [[0, (-1, -1)]]], [[0, 1, (-22, -24), (6, 3), [0, 46, 8, 1], 40, 64, 1], None]]]]
[1, 1, [256, 0, [512, 1, 64], [16, 128], [200, 10, 10, 1]], [10, [16, 128], [[[1, 0, (42, 46), (-2, 0), [0, 10, 10, 1], 32, 64, 1], None], [[0, 1, (-16, -20), (6, 4), [0, 46, 8, 1], 32, 64, 1], None]]]]
[1, 2, [256, 0, [512, 1, 64], [16, 128], [200, 10, 10, 1]], [11, [16, 128], [[[1, 0, (40, 45), (-2, -1), [0, 10, 10, 1], 22, 64, 1], None], [[0, 1, (-10, -15), (6, 5), [0, 0, 0, 0], 32, 64, 1], None]]]]
