[1, 0, [256, 0, [512, 1, 64], [16, 128], [200, 10, 10, 1]], None]
[1, 1, [256, 0, [512, 1, 64], [16, 128], [200, 10, 10, 1]], [0, [16, 128], [[[1, 0, (-48, -10), (0, 0), [200, 10, 10, 1], 0, 64, 1], None], [[0, 1, (48, 10), (0, 0), [134, 64, 10, 1], 0, 64, 1], None]]]]
[1, 1, [256, 0, [512, 1, 64], [16, 128], [200, 10, 10, 1]], [1, [16, 128], [[[1, 0, (-48, -11), (0, -1), [199, 10, 10, 1], 1, 64, 1], [[0, (1, 1)]]], [[0, 1, (48, 11), (0, 1), [133, 64, 10, 1], 62, 64, 1], [[0, (-1, -1)], [2, (-47, -10), 64, 14, 4]]]]]]
[1, 1, [256, 0, [512, 1, 64], [16, 128], [200, 10, 10, 1]], [2, [16, 128], [[[1, 0, (-48, -13), (0, -2), [198, 10, 10, 1], 0, 64, 1], [[0, (1, 1)]]], [[0, 1, (48, 13), (0, 2), [132, 64, 10, 1], 60, 64, 1], [[0, (-1, -1)]]]]]]
[1, 1, [256, 0, [512, 1, 64], [16, 128], [200, 10, 10, 1]], [3, [16, 128], [[[1, 0, (-47, -15), (1, -2), [198, 10, 10, 1], 0, 64, 1], None], [[0, 1, (47, 15), (-1, 2), [132, 64, 10, 1], 50, 64, 1], None]]]]
[1, 1, [256, 0, [512, 1, 64], [16, 128], [200, 10, 10, 1]], [4, [16, 128], [[[1, 0, (-45, -17), (2, -2), [198, 10, 10, 1], 0, 64, 1], None], [[0, 1, (45, 17), (-2, 2), [132, 64, 10, 1], 40, 64, 1], None]]]]
[1, 1, [256, 0, [512, 1, 64], [16, 128], [200, 10, 10, 1]], [5, [16, 128], [[[1, 0, (-42, -19), (3, -2), [198, 10, 10, 1], 0, 64, 1], None], [[0, 1, (42, 19), (-3, 2), [132, 64, 10, 1], 30, 64, 1], None]]]]
[1, 1, [256, 0, [512, 1, 64], [16, 128], [200, 10, 10, 1]], [6, [16, 128], [[[1, 0, (-38, -21), (4, -2), [198, 10, 10, 1], 0, 64, 1], None], [[0, 1, (38, 21), (-4, 2), [132, 64, 10, 1], 20, 64, 1], None]]]]
[1, 1, [256, 0, [512, 1, 64], [16, 128], [200, 10, 10, 1]], [7, [16, 128], [[[1, 0, (-33, -23), (5, -2), [198, 10, 10, 1], 0, 64, 1], None], [[0, 1, (33, 23), (-5, 2), [132, 64, 10, 1], 10, 64, 1], None]]]]
[1, 1, [256, 0, [512, 1, 64], [16, 128], [200, 10, 10, 1]], [8, [16, 128], [[[1, 0, (-27, -25), (6, -2), [198, 10, 10, 1], 0, 64, 1], None], [[0, 1, (27, 25), (-6, 2), [132, 64, 10, 1], 0, 64, 1], None]]]]
[1, 1, [256, 0, [512, 1, 64], [16, 128], [200, 10, 10, 1]], [9, [16, 128], [[[1, 0, (-20, -27), (7, -2), [198, 10, 10, 1], 30, 64, 1], None], [[0, 1, (20, 27), (-7, 2), [132, 64, 10, 1], 54, 64, 1], [[2, (-20, -27), 64, 40, 4]]]]]]
[1, 1, [256, 0, [512, 1, 64], [16, 128], [200, 10, 10, 1]], [10, [16, 128], [[[1, 0, (-13, -28), (7, -1), [198, 10, 10, 1], 20, 64, 1], None], [[0, 1, (13, 28), (-7, 1), [132, 64, 10, 1], 44, 64, 1], None]]]]
[1, 1, [256, 0, [512, 1, 64], [16, 128], [200, 10, 10, 1]], [11, [16, 128], [[[1, 0, (-6, -28), (7, 0), [198, 10, 10, 1], 10, 64, 1], None], [[0, 1, (6, 28), (-7, 0), [132, 64, 10, 1], 34, 64, 1], None]]]]
[1, 1, [256, 0, [512, 1, 64], [16, 128], [200, 10, 10, 1]], [12, [16, 128], [[[1, 0, (1, -27), (7, 1), [198, 10, 10, 1], 0, 64, 1], None], [[0, 1, (-1, 27), (-7, -1), [132, 64, 10, 1], 24, 64, 1], None]]]]
[1, 1, [256, 0, [512, 1, 64], [16, 128], [200, 10, 10, 1]], [13, [16, 128], [[[1, 0, (8, -25), (7, 2), [198, 10, 10, 1], 0, 64, 1], None], [[0, 1, (-8, 25), (-7, -2), [132, 64, 10, 1], 14, 64, 1], None]]]]
[1, 1, [256, 0, [512, 1, 64], [16, 128], [200, 10, 10, 1]], [14, [16, 128], [[[1, 0, (15, -22), (7, 3), [198, 10, 10, 1], 0, 64, 1], None], [[0, 1, (-15, 22), (-7, -3), [132, 64, 10, 1], 4, 64, 1], None]]]]
[1, 1, [256, 0, [512, 1, 64], [16, 128], [200, 10, 10, 1]], [15, [16, 128], [[[1, 0, (22, -18), (7, 4), [192, 10, 10, 1], 64, 64, 1], None], [[0, 1, (-22, 18), (-7, -4), [132, 64, 10, 1], 58, 64, 1], [[2, (22, -18), 64, 80, 4]]]]]]
[1, 1, [256, 0, [512, 1, 64], [16, 128], [200, 10, 10, 1]], [16, [16, 128], [[[1, 0, (28, -14), (6, 4), [192, 10, 10, 1], 54, 64, 1], None], [[0, 1, (-28, 14), (-6, -4), [132, 64, 10, 1], 48, 64, 1], None]]]]
[1, 1, [256, 0, [512, 1, 64], [16, 128], [200, 10, 10, 1]], [17, [16, 128], [[[1, 0, (33, -10), (5, 4), [192, 10, 10, 1], 44, 64, 1], None], [[0, 1, (-33, 10), (-5, -4), [132, 64, 10, 1], 38, 64, 1], None]]]]
[1, 1, [256, 0, [512, 1, 64], [16, 128], [200, 10, 10, 1]], [18, [16, 128], [[[1, 0, (37, -6), (4, 4), [192, 10, 10, 1], 34, 64, 1], None], [[0, 1, (-37, 6), (-4, -4), [132, 64, 10, 1], 28, 64, 1], None]]]]
[1, 1, [256, 0, [512, 1, 64], [16, 128], [200, 10, 10, 1]], [19, [16, 128], [[[1, 0, (40, -2), (3, 4), [192, 10, 10, 1], 24, 64, 1], None], [[0, 1, (-40, 2), (-3, -4), [132, 64, 10, 1], 18, 64, 1], None]]]]
[1, 1, [256, 0, [512, 1, 64], [16, 128], [200, 10, 10, 1]], [20, [16, 128], [[[1, 0, (42, 2), (2, 4), [192, 10, 10, 1], 14, 64, 1], None], [[0, 1, (-42, -2), (-2, -4), [132, 64, 10, 1], 8, 64, 1], None]]]]
[1, 1, [256, 0, [512, 1, 64], [16, 128], [200, 10, 10, 1]], [21, [16, 128], [[[1, 0, (43, 6), (1, 4), [192, 10, 10, 1], 58, 64, 1], None], [[0, 1, (-43, -6), (-1, -4), [132, 64, 10, 1], 62, 64, 1], [[2, (43, 6), 64, 54, 4]]]]]]
[1, 1, [256, 0, [512, 1, 64], [16, 128], [200, 10, 10, 1]], [22, [16, 128], [[[1, 0, (43, 10), (0, 4), [192, 10, 10, 1], 48, 64, 1], None], [[0, 1, (-43, -10), (0, -4), [132, 64, 10, 1], 52, 64, 1], None]]]]
[1, 1, [256, 0, [512, 1, 64], [16, 128], [200, 10, 10, 1]], [23, [16, 128], [[[1, 0, (42, 14), (-1, 4), [192, 10, 10, 1], 38, 64, 1], None], [[0, 1, (-42, -14), (1, -4), [132, 64, 10, 1], 42, 64, 1], None]]]]
[1, 1, [256, 0, [512, 1, 64], [16, 128], [200, 10, 10, 1]], [24, [16, 128], [[[1, 0, (40, 18), (-2, 4), [192, 10, 10, 1], 28, 64, 1], None], [[0, 1, (-40, -18), (2, -4), [132, 64, 10, 1], 32, 64, 1], None]]]]
[1, 1, [256, 0, [512, 1, 64], [16, 128], [200, 10, 10, 1]], [25, [16, 128], [[[1, 0, (37, 22), (-3, 4), [192, 10, 10, 1], 18, 64, 1], None], [[0, 1, (-37, -22), (3, -4), [132, 64, 10, 1], 22, 64, 1], None]]]]
[1, 1, [256, 0, [512, 1, 64], [16, 128], [200, 10, 10, 1]], [26, [16, 128], [[[1, 0, (33, 26), (-4, 4), [192, 10, 10, 1], 8, 64, 1], None], [[0, 1, (-33, -26), (4, -4), [132, 64, 10, 1], 12, 64, 1], None]]]]
[1, 1, [256, 0, [512, 1, 64], [16, 128], [200, 10, 10, 1]], [27, [16, 128], [[[1, 0, (28, 30), (-5, 4), [192, 10, 10, 1], 0, 64, 1], None], [[0, 1, (-28, -30), (5, -4), [132, 64, 10, 1], 2, 64, 1], None]]]]
[1, 1, [256, 0, [512, 1, 64], [16, 128], [200, 10, 10, 1]], [28, [16, 128], [[[1, 0, (23, 33), (-5, 3), [192, 10, 10, 1], 1, 64, 1], None], [[0, 1, (-23, -33), (5, -3), [132, 64, 10, 1], 56, 64, 1], [[2, (23, 33), 64, 11, 4]]]]]]
[1, 1, [256, 0, [512, 1, 64], [16, 128], [200, 10, 10, 1]], [29, [16, 128], [[[1, 0, (18, 35), (-5, 2), [192, 10, 10, 1], 0, 64, 1], None], [[0, 1, (-18, -35), (5, -2), [132, 64, 10, 1], 46, 64, 1], None]]]]
[1, 1, [256, 0, [512, 1, 64], [16, 128], [200, 10, 10, 1]], [30, [16, 128], [[[1, 0, (13, 36), (-5, 1), [192, 10, 10, 1], 0, 64, 1], None], [[0, 1, (-13, -36), (5, -1), [132, 64, 10, 1], 36, 64, 1], None]]]]
[1, 1, [256, 0, [512, 1, 64], [16, 128], [200, 10, 10, 1]], [31, [16, 128], [[[1, 0, (8, 36), (-5, 0), [192, 10, 10, 1], 0, 64, 1], None], [[0, 1, (-8, -36), (5, 0), [132, 64, 10, 1], 26, 64, 1], None]]]]
[1, 1, [256, 0, [512, 1, 64], [16, 128], [200, 10, 10, 1]], [32, [16, 128], [[[1, 0, (3, 35), (-5, -1), [192, 10, 10, 1], 0, 64, 1], None], [[0, 1, (-3, -35), (5, 1), [132, 64, 10, 1], 16, 64, 1], None]]]]
[1, 1, [256, 0, [512, 1, 64], [16, 128], [200, 10, 10, 1]], [33, [16, 128], [[[1, 0, (-2, 33), (-5, -2), [192, 10, 10, 1], 0, 64, 1], None], [[0, 1, (2, -33), (5, 2), [132, 64, 10, 1], 6, 64, 1], None]]]]
[1, 1, [256, 0, [512, 1, 64], [16, 128], [200, 10, 10, 1]], [34, [16, 128], [[[1, 0, (-7, 30), (-5, -3), [192, 10, 10, 1], 34, 64, 1], None], [[0, 1, (7, -30), (5, 3), [132, 64, 10, 1], 60, 64, 1], [[2, (-7, 30), 64, 44, 4]]]]]]
[1, 1, [256, 0, [512, 1, 64], [16, 128], [200, 10, 10, 1]], [35, [16, 128], [[[1, 0, (-12, 26), (-5, -4), [192, 10, 10, 1], 24, 64, 1], None], [[0, 1, (12, -26), (5, 4), [132, 64, 10, 1], 50, 64, 1], None]]]]
[1, 1, [256, 0, [512, 1, 64], [16, 128], [200, 10, 10, 1]], [36, [16, 128], [[[1, 0, (-17, 21), (-5, -5), [192, 10, 10, 1], 14, 64, 1], None], [[0, 1, (17, -21), (5, 5), [132, 64, 10, 1], 40, 64, 1], None]]]]
[1, 1, [256, 0, [512, 1, 64], [16, 128], [200, 10, 10, 1]], [37, [16, 128], [[[1, 0, (-22, 15), (-5, -6), [192, 10, 10, 1], 4, 64, 1], None], [[0, 1, (22, -15), (5, 6), [132, 64, 10, 1], 30, 64, 1], None]]]]
[1, 1, [256, 0, [512, 1, 64], [16, 128], [200, 10, 10, 1]], [38, [16, 128], [[[1, 0, (-26, 9), (-4, -6), [192, 10, 10, 1], 0, 64, 1], None], [[0, 1, (26, -9), (4, 6), [132, 64, 10, 1], 20, 64, 1], None]]]]
[1, 1, [256, 0, [512, 1, 64], [16, 128], [200, 10, 10, 1]], [39, [16, 128], [[[1, 0, (-29, 3), (-3, -6), [192, 10, 10, 1], 0, 64, 1], None], [[0, 1, (29, -3), (3, 6), [132, 64, 10, 1], 10, 64, 1], None]]]]
[1, 1, [256, 0, [512, 1, 64], [16, 128], [200, 10, 10, 1]], [40, [16, 128], [[[1, 0, (-31, -3), (-2, -6), [192, 10, 10, 1], 0, 64, 1], None], [[0, 1, (31, 3), (2, 6), [132, 64, 10, 1], 0, 64, 1], None]]]]
[1, 1, [256, 0, [512, 1, 64], [16, 128], [200, 10, 10, 1]], [41, [16, 128], [[[1, 0, (-32, -9), (-1, -6), [192, 10, 10, 1], 11, 64, 1], None], [[0, 1, (32, 9), (1, 6), [132, 64, 10, 1], 54, 64, 1], [[2, (-32, -9), 64, 21, 4]]]]]]
[1, 1, [256, 0, [512, 1, 64], [16, 128], [200, 10, 10, 1]], [42, [16, 128], [[[1, 0, (-32, -15), (0, -6), [192, 10, 10, 1], 1, 64, 1], None], [[0, 1, (32, 15), (0, 6), [132, 64, 10, 1], 44, 64, 1], None]]]]
[1, 1, [256, 0, [512, 1, 64], [16, 128], [200, 10, 10, 1]], [43, [16, 128], [[[1, 0, (-31, -21), (1, -6), [192, 10, 10, 1], 0, 64, 1], None], [[0, 1, (31, 21), (-1, 6), [132, 64, 10, 1], 34, 64, 1], None]]]]
[1, 1, [256, 0, [512, 1, 64], [16, 128], [200, 10, 10, 1]], [44, [16, 128], [[[1, 0, (-29, -27), (2, -6), [192, 10, 10, 1], 0, 64, 1], None], [[0, 1, (29, 27), (-2, 6), [132, 64, 10, 1], 24, 64, 1], None]]]]
[1, 1, [256, 0, [512, 1, 64], [16, 128], [200, 10, 10, 1]], [45, [16, 128], [[[1, 0, (-26, -33), (3, -6), [192, 10, 10, 1], 0, 64, 1], None], [[0, 1, (26, 33), (-3, 6), [132, 64, 10, 1], 14, 64, 1], None]]]]
[1, 1, [256, 0, [512, 1, 64], [16, 128], [200, 10, 10, 1]], [46, [16, 128], [[[1, 0, (-23, -38), (3, -5), [192, 10, 10, 1], 0, 64, 1], None], [[0, 1, (23, 38), (-3, 5), [132, 64, 10, 1], 4, 64, 1], None]]]]
[1, 1, [256, 0, [512, 1, 64], [16, 128], [200, 10, 10, 1]], [47, [16, 128], [[[1, 0, (-19, -42), (4, -4), [191, 10, 10, 1], 0, 64, 1], [[0, (-1, 0)]]], [[0, 1, (20, 43), (-3, 5), [129, 64, 10, 1], 64, 64, 1], [[0, (0, -1)], [2, (-20, -42), 64, 0, 4]]]]]]
[1, 1, [256, 0, [512, 1, 64], [16, 128], [200, 10, 10, 1]], [48, [16, 128], [[[1, 0, (-15, -45), (4, -3), [191, 10, 10, 1], 0, 64, 1], None], [[0, 1, (17, 47), (-3, 4), [129, 64, 10, 1], 54, 64, 1], None]]]]
[1, 1, [256, 0, [512, 1, 64], [16, 128], [200, 10, 10, 1]], [49, [16, 128], [[[1, 0, (-11, -47), (4, -2), [191, 10, 10, 1], 0, 64, 1], None], [[0, 1, (14, 50), (-3, 3), [129, 64, 10, 1], 44, 64, 1], None]]]]
[1, 1, [256, 0, [512, 1, 64], [16, 128], [200, 10, 10, 1]], [50, [16, 128], [[[1, 0, (-7, -48), (4, -1), [191, 10, 10, 1], 0, 64, 1], None], [[0, 1, (11, 52), (-3, 2), [129, 64, 10, 1], 34, 64, 1], None]]]]
[1, 1, [256, 0, [512, 1, 64], [16, 128], [200, 10, 10, 1]], [51, [16, 128], [[[1, 0, (-3, -48), (4, 0), [191, 10, 10, 1], 0, 64, 1], None], [[0, 1, (8, 53), (-3, 1), [129, 64, 10, 1], 24, 64, 1], None]]]]
[1, 1, [256, 0, [512, 1, 64], [16, 128], [200, 10, 10, 1]], [52, [16, 128], [[[1, 0, (1, -47), (4, 1), [191, 10, 10, 1], 0, 64, 1], None], [[0, 1, (5, 53), (-3, 0), [129, 64, 10, 1], 14, 64, 1], None]]]]
[1, 1, [256, 0, [512, 1, 64], [16, 128], [200, 10, 10, 1]], [53, [16, 128], [[[1, 0, (5, -45), (4, 2), [191, 10, 10, 1], 0, 64, 1], None], [[0, 1, (2, 52), (-3, -1), [129, 64, 10, 1], 4, 64, 1], None]]]]
[1, 1, [256, 0, [512, 1, 64], [16, 128], [200, 10, 10, 1]], [54, [16, 128], [[[1, 0, (9, -42), (4, 3), [191, 10, 10, 1], 50, 64, 1], None], [[0, 1, (-1, 50), (-3, -2), [129, 64, 10, 1], 58, 64, 1], [[2, (9, -42), 64, 60, 4]]]]]]
[1, 1, [256, 0, [512, 1, 64], [16, 128], [200, 10, 10, 1]], [55, [16, 128], [[[1, 0, (13, -38), (4, 4), [191, 10, 10, 1], 40, 64, 1], None], [[0, 1, (-4, 47), (-3, -3), [129, 64, 10, 1], 48, 64, 1], None]]]]
[1, 1, [256, 0, [512, 1, 64], [16, 128], [200, 10, 10, 1]], [56, [16, 128], [[[1, 0, (17, -33), (4, 5), [191, 10, 10, 1], 30, 64, 1], None], [[0, 1, (-7, 43), (-3, -4), [129, 64, 10, 1], 38, 64, 1], None]]]]
[1, 1, [256, 0, [512, 1, 64], [16, 128], [200, 10, 10, 1]], [57, [16, 128], [[[1, 0, (21, -27), (4, 6), [191, 10, 10, 1], 20, 64, 1], None], [[0, 1, (-10, 38), (-3, -5), [129, 64, 10, 1], 28, 64, 1], None]]]]
[1, 1, [256, 0, [512, 1, 64], [16, 128], [200, 10, 10, 1]], [58, [16, 128], [[[1, 0, (25, -20), (4, 7), [191, 10, 10, 1], 10, 64, 1], None], [[0, 1, (-13, 32), (-3, -6), [129, 64, 10, 1], 18, 64, 1], None]]]]
[1, 1, [256, 0, [512, 1, 64], [16, 128], [200, 10, 10, 1]], [59, [16, 128], [[[1, 0, (28, -13), (3, 7), [191, 10, 10, 1], 0, 64, 1], None], [[0, 1, (-16, 25), (-3, -7), [129, 64, 10, 1], 8, 64, 1], None]]]]
[1, 1, [256, 0, [512, 1, 64], [16, 128], [200, 10, 10, 1]], [60, [16, 128], [[[1, 0, (30, -6), (2, 7), [191, 10, 10, 1], 0, 64, 1], None], [[0, 1, (-19, 17), (-3, -8), [129, 64, 10, 1], 62, 64, 1], [[2, (30, -6), 64, 0, 4]]]]]]
[1, 1, [256, 0, [512, 1, 64], [16, 128], [200, 10, 10, 1]], [61, [16, 128], [[[1, 0, (31, 1), (1, 7), [191, 10, 10, 1], 0, 64, 1], None], [[0, 1, (-21, 9), (-2, -8), [129, 64, 10, 1], 52, 64, 1], None]]]]
[1, 1, [256, 0, [512, 1, 64], [16, 128], [200, 10, 10, 1]], [62, [16, 128], [[[1, 0, (31, 8), (0, 7), [191, 10, 10, 1], 0, 64, 1], None], [[0, 1, (-22, 1), (-1, -8), [129, 64, 10, 1], 42, 64, 1], None]]]]
[1, 1, [256, 0, [512, 1, 64], [16, 128], [200, 10, 10, 1]], [63, [16, 128], [[[1, 0, (30, 15), (-1, 7), [191, 10, 10, 1], 0, 64, 1], None], [[0, 1, (-22, -7), (0, -8), [129, 64, 10, 1], 32, 64, 1], None]]]]
[1, 1, [256, 0, [512, 1, 64], [16, 128], [200, 10, 10, 1]], [64, [16, 128], [[[1, 0, (28, 22), (-2, 7), [191, 10, 10, 1], 0, 64, 1], None], [[0, 1, (-21, -15), (1, -8), [129, 64, 10, 1], 22, 64, 1], None]]]]
[1, 1, [256, 0, [512, 1, 64], [16, 128], [200, 10, 10, 1]], [65, [16, 128], [[[1, 0, (25, 29), (-3, 7), [191, 10, 10, 1], 0, 64, 1], None], [[0, 1, (-19, -23), (2, -8), [129, 64, 10, 1], 12, 64, 1], None]]]]
[1, 1, [256, 0, [512, 1, 64], [16, 128], [200, 10, 10, 1]], [66, [16, 128], [[[1, 0, (22, 35), (-3, 6), [191, 10, 10, 1], 0, 64, 1], None], [[0, 1, (-17, -30), (2, -7), [129, 64, 10, 1], 2, 64, 1], None]]]]
[1, 1, [256, 0, [512, 1, 64], [16, 128], [200, 10, 10, 1]], [67, [16, 128], [[[1, 0, (19, 40), (-3, 5), [191, 10, 10, 1], 0, 64, 1], None], [[0, 1, (-15, -36), (2, -6), [129, 64, 10, 1], 56, 64, 1], [[2, (19, 40), 64, 0, 4]]]]]]
[1, 1, [256, 0, [512, 1, 64], [16, 128], [200, 10, 10, 1]], [68, [16, 128], [[[1, 0, (16, 44), (-3, 4), [191, 10, 10, 1], 0, 64, 1], None], [[0, 1, (-12, -41), (3, -5), [128, 64, 10, 1], 54, 64, 1], [[0, (-1, 0)]]]]]]
[1, 1, [256, 0, [512, 1, 64], [16, 128], [200, 10, 10, 1]], [69, [16, 128], [[[1, 0, (13, 47), (-3, 3), [191, 10, 10, 1], 0, 64, 1], None], [[0, 1, (-9, -45), (3, -4), [128, 64, 10, 1], 44, 64, 1], None]]]]
[1, 1, [256, 0, [512, 1, 64], [16, 128], [200, 10, 10, 1]], [70, [16, 128], [[[1, 0, (10, 49), (-3, 2), [191, 10, 10, 1], 0, 64, 1], None], [[0, 1, (-6, -48), (3, -3), [128, 64, 10, 1], 34, 64, 1], None]]]]
[1, 1, [256, 0, [512, 1, 64], [16, 128], [200, 10, 10, 1]], [71, [16, 128], [[[1, 0, (7, 50), (-3, 1), [191, 10, 10, 1], 0, 64, 1], None], [[0, 1, (-3, -50), (3, -2), [128, 64, 10, 1], 24, 64, 1], None]]]]
[1, 1, [256, 0, [512, 1, 64], [16, 128], [200, 10, 10, 1]], [72, [16, 128], [[[1, 0, (4, 50), (-3, 0), [191, 10, 10, 1], 0, 64, 1], None], [[0, 1, (0, -51), (3, -1), [128, 64, 10, 1], 14, 64, 1], None]]]]
[1, 1, [256, 0, [512, 1, 64], [16, 128], [200, 10, 10, 1]], [73, [16, 128], [[[1, 0, (1, 49), (-3, -1), [191, 10, 10, 1], 0, 64, 1], None], [[0, 1, (3, -51), (3, 0), [128, 64, 10, 1], 4, 64, 1], None]]]]
[1, 1, [256, 0, [512, 1, 64], [16, 128], [200, 10, 10, 1]], [74, [16, 128], [[[1, 0, (-2, 47), (-3, -2), [191, 10, 10, 1], 55, 64, 1], None], [[0, 1, (6, -50), (3, 1), [128, 64, 10, 1], 58, 64, 1], [[2, (-2, 47), 64, 65, 4]]]]]]
[1, 1, [256, 0, [512, 1, 64], [16, 128], [200, 10, 10, 1]], [75, [16, 128], [[[1, 0, (-5, 44), (-3, -3), [191, 10, 10, 1], 45, 64, 1], None], [[0, 1, (9, -48), (3, 2), [128, 64, 10, 1], 48, 64, 1], None]]]]
[1, 1, [256, 0, [512, 1, 64], [16, 128], [200, 10, 10, 1]], [76, [16, 128], [[[1, 0, (-8, 40), (-3, -4), [191, 10, 10, 1], 35, 64, 1], None], [[0, 1, (12, -45), (3, 3), [128, 64, 10, 1], 38, 64, 1], None]]]]
[1, 1, [256, 0, [512, 1, 64], [16, 128], [200, 10, 10, 1]], [77, [16, 128], [[[1, 0, (-11, 35), (-3, -5), [191, 10, 10, 1], 25, 64, 1], None], [[0, 1, (15, -41), (3, 4), [128, 64, 10, 1], 28, 64, 1], None]]]]
[1, 1, [256, 0, [512, 1, 64], [16, 128], [200, 10, 10, 1]], [78, [16, 128], [[[1, 0, (-14, 29), (-3, -6), [191, 10, 10, 1], 15, 64, 1], None], [[0, 1, (18, -36), (3, 5), [128, 64, 10, 1], 18, 64, 1], None]]]]
[1, 1, [256, 0, [512, 1, 64], [16, 128], [200, 10, 10, 1]], [79, [16, 128], [[[1, 0, (-17, 22), (-3, -7), [191, 10, 10, 1], 5, 64, 1], None], [[0, 1, (21, -30), (3, 6), [128, 64, 10, 1], 8, 64, 1], None]]]]
[1, 1, [256, 0, [512, 1, 64], [16, 128], [200, 10, 10, 1]], [80, [16, 128], [[[1, 0, (-20, 14), (-3, -8), [172, 10, 10, 1], 64, 64, 1], None], [[0, 1, (24, -23), (3, 7), [128, 64, 10, 1], 62, 64, 1], [[2, (-20, 14), 64, 88, 4]]]]]]
[1, 1, [256, 0, [512, 1, 64], [16, 128], [200, 10, 10, 1]], [81, [16, 128], [[[1, 0, (-22, 6), (-2, -8), [172, 10, 10, 1], 54, 64, 1], None], [[0, 1, (26, -16), (2, 7), [128, 64, 10, 1], 52, 64, 1], None]]]]
[1, 1, [256, 0, [512, 1, 64], [16, 128], [200, 10, 10, 1]], [82, [16, 128], [[[1, 0, (-23, -2), (-1, -8), [172, 10, 10, 1], 44, 64, 1], None], [[0, 1, (27, -9), (1, 7), [128, 64, 10, 1], 42, 64, 1], None]]]]
[1, 1, [256, 0, [512, 1, 64], [16, 128], [200, 10, 10, 1]], [83, [16, 128], [[[1, 0, (-23, -10), (0, -8), [172, 10, 10, 1], 34, 64, 1], None], [[0, 1, (27, -2), (0, 7), [128, 64, 10, 1], 32, 64, 1], None]]]]
[1, 1, [256, 0, [512, 1, 64], [16, 128], [200, 10, 10, 1]], [84, [16, 128], [[[1, 0, (-22, -18), (1, -8), [172, 10, 10, 1], 24, 64, 1], None], [[0, 1, (26, 5), (-1, 7), [128, 64, 10, 1], 22, 64, 1], None]]]]
[1, 1, [256, 0, [512, 1, 64], [16, 128], [200, 10, 10, 1]], [85, [16, 128], [[[1, 0, (-20, -26), (2, -8), [172, 10, 10, 1], 14, 64, 1], None], [[0, 1, (24, 12), (-2, 7), [128, 64, 10, 1], 12, 64, 1], None]]]]
[1, 1, [256, 0, [512, 1, 64], [16, 128], [200, 10, 10, 1]], [86, [16, 128], [[[1, 0, (-18, -33), (2, -7), [172, 10, 10, 1], 4, 64, 1], None], [[0, 1, (21, 19), (-3, 7), [128, 64, 10, 1], 2, 64, 1], None]]]]
[1, 1, [256, 0, [512, 1, 64], [16, 128], [200, 10, 10, 1]], [87, [16, 128], [[[1, 0, (-16, -39), (2, -6), [172, 10, 10, 1], 0, 64, 1], None], [[0, 1, (17, 26), (-4, 7), [128, 64, 10, 1], 56, 64, 1], [[2, (-16, -39), 64, 0, 4]]]]]]
[1, 1, [256, 0, [512, 1, 64], [16, 128], [200, 10, 10, 1]], [88, [16, 128], [[[1, 0, (-14, -44), (2, -5), [172, 10, 10, 1], 0, 64, 1], None], [[0, 1, (13, 32), (-4, 6), [128, 64, 10, 1], 46, 64, 1], None]]]]
[1, 1, [256, 0, [512, 1, 64], [16, 128], [200, 10, 10, 1]], [89, [16, 128], [[[1, 0, (-11, -48), (3, -4), [171, 10, 10, 1], 0, 64, 1], [[0, (-1, 0)]]], [[0, 1, (9, 37), (-4, 5), [128, 64, 10, 1], 36, 64, 1], None]]]]
[1, 1, [256, 0, [512, 1, 64], [16, 128], [200, 10, 10, 1]], [90, [16, 128], [[[1, 0, (-8, -51), (3, -3), [171, 10, 10, 1], 0, 64, 1], None], [[0, 1, (5, 41), (-4, 4), [128, 64, 10, 1], 26, 64, 1], None]]]]
[1, 1, [256, 0, [512, 1, 64], [16, 128], [200, 10, 10, 1]], [91, [16, 128], [[[1, 0, (-5, -53), (3, -2), [171, 10, 10, 1], 0, 64, 1], None], [[0, 1, (1, 44), (-4, 3), [128, 64, 10, 1], 16, 64, 1], None]]]]
[1, 1, [256, 0, [512, 1, 64], [16, 128], [200, 10, 10, 1]], [92, [16, 128], [[[1, 0, (-2, -54), (3, -1), [171, 10, 10, 1], 0, 64, 1], None], [[0, 1, (-3, 46), (-4, 2), [128, 64, 10, 1], 6, 64, 1], None]]]]
[1, 1, [256, 0, [512, 1, 64], [16, 128], [200, 10, 10, 1]], [93, [16, 128], [[[1, 0, (1, -54), (3, 0), [171, 10, 10, 1], 52, 64, 1], None], [[0, 1, (-7, 47), (-4, 1), [128, 64, 10, 1], 60, 64, 1], [[2, (1, -54), 64, 62, 4]]]]]]
[1, 1, [256, 0, [512, 1, 64], [16, 128], [200, 10, 10, 1]], [94, [16, 128], [[[1, 0, (4, -53), (3, 1), [171, 10, 10, 1], 42, 64, 1], None], [[0, 1, (-11, 47), (-4, 0), [128, 64, 10, 1], 50, 64, 1], None]]]]
[1, 1, [256, 0, [512, 1, 64], [16, 128], [200, 10, 10, 1]], [95, [16, 128], [[[1, 0, (7, -51), (3, 2), [171, 10, 10, 1], 32, 64, 1], None], [[0, 1, (-15, 46), (-4, -1), [128, 64, 10, 1], 40, 64, 1], None]]]]
[1, 1, [256, 0, [512, 1, 64], [16, 128], [200, 10, 10, 1]], [96, [16, 128], [[[1, 0, (10, -48), (3, 3), [171, 10, 10, 1], 22, 64, 1], None], [[0, 1, (-19, 44), (-4, -2), [128, 64, 10, 1], 30, 64, 1], None]]]]
[1, 1, [256, 0, [512, 1, 64], [16, 128], [200, 10, 10, 1]], [97, [16, 128], [[[1, 0, (13, -44), (3, 4), [171, 10, 10, 1], 12, 64, 1], None], [[0, 1, (-23, 41), (-4, -3), [128, 64, 10, 1], 20, 64, 1], None]]]]
[1, 1, [256, 0, [512, 1, 64], [16, 128], [200, 10, 10, 1]], [98, [16, 128], [[[1, 0, (16, -39), (3, 5), [171, 10, 10, 1], 2, 64, 1], None], [[0, 1, (-27, 37), (-4, -4), [128, 64, 10, 1], 10, 64, 1], None]]]]
[1, 1, [256, 0, [512, 1, 64], [16, 128], [200, 10, 10, 1]], [99, [16, 128], [[[1, 0, (19, -33), (3, 6), [171, 10, 10, 1], 0, 64, 1], None], [[0, 1, (-31, 32), (-4, -5), [128, 64, 10, 1], 0, 64, 1], None]]]]
[1, 1, [256, 0, [512, 1, 64], [16, 128], [200, 10, 10, 1]], [100, [16, 128], [[[1, 0, (22, -26), (3, 7), [142, 10, 10, 1], 64, 64, 1], None], [[0, 1, (-35, 26), (-4, -6), [128, 64, 10, 1], 54, 64, 1], [[2, (22, -26), 64, 103, 4]]]]]]
[1, 1, [256, 0, [512, 1, 64], [16, 128], [200, 10, 10, 1]], [101, [16, 128], [[[1, 0, (25, -18), (3, 8), [142, 10, 10, 1], 54, 64, 1], None], [[0, 1, (-38, 20), (-3, -6), [128, 64, 10, 1], 44, 64, 1], None]]]]
[1, 1, [256, 0, [512, 1, 64], [16, 128], [200, 10, 10, 1]], [102, [16, 128], [[[1, 0, (27, -10), (2, 8), [142, 10, 10, 1], 44, 64, 1], None], [[0, 1, (-40, 14), (-2, -6), [128, 64, 10, 1], 34, 64, 1], None]]]]
[1, 1, [256, 0, [512, 1, 64], [16, 128], [200, 10, 10, 1]], [103, [16, 128], [[[1, 0, (28, -2), (1, 8), [142, 10, 10, 1], 34, 64, 1], None], [[0, 1, (-41, 8), (-1, -6), [128, 64, 10, 1], 24, 64, 1], None]]]]
[1, 1, [256, 0, [512, 1, 64], [16, 128], [200, 10, 10, 1]], [104, [16, 128], [[[1, 0, (28, 6), (0, 8), [142, 10, 10, 1], 24, 64, 1], None], [[0, 1, (-41, 2), (0, -6), [128, 64, 10, 1], 14, 64, 1], None]]]]
[1, 1, [256, 0, [512, 1, 64], [16, 128], [200, 10, 10, 1]], [105, [16, 128], [[[1, 0, (27, 14), (-1, 8), [142, 10, 10, 1], 14, 64, 1], None], [[0, 1, (-40, -4), (1, -6), [128, 64, 10, 1], 4, 64, 1], None]]]]
[1, 1, [256, 0, [512, 1, 64], [16, 128], [200, 10, 10, 1]], [106, [16, 128], [[[1, 0, (25, 22), (-2, 8), [142, 10, 10, 1], 4, 64, 1], None], [[0, 1, (-38, -10), (2, -6), [128, 64, 10, 1], 58, 64, 1], [[2, (25, 22), 64, 0, 4]]]]]]
[1, 1, [256, 0, [512, 1, 64], [16, 128], [200, 10, 10, 1]], [107, [16, 128], [[[1, 0, (22, 30), (-3, 8), [142, 10, 10, 1], 0, 64, 1], None], [[0, 1, (-35, -16), (3, -6), [128, 64, 10, 1], 48, 64, 1], None]]]]
[1, 1, [256, 0, [512, 1, 64], [16, 128], [200, 10, 10, 1]], [108, [16, 128], [[[1, 0, (19, 37), (-3, 7), [142, 10, 10, 1], 0, 64, 1], None], [[0, 1, (-31, -22), (4, -6), [128, 64, 10, 1], 38, 64, 1], None]]]]
[1, 1, [256, 0, [512, 1, 64], [16, 128], [200, 10, 10, 1]], [109, [16, 128], [[[1, 0, (16, 43), (-3, 6), [142, 10, 10, 1], 0, 64, 1], None], [[0, 1, (-26, -28), (5, -6), [128, 64, 10, 1], 28, 64, 1], None]]]]
[1, 1, [256, 0, [512, 1, 64], [16, 128], [200, 10, 10, 1]], [110, [16, 128], [[[1, 0, (13, 48), (-3, 5), [142, 10, 10, 1], 0, 64, 1], None], [[0, 1, (-21, -33), (5, -5), [128, 64, 10, 1], 18, 64, 1], None]]]]
[1, 1, [256, 0, [512, 1, 64], [16, 128], [200, 10, 10, 1]], [111, [16, 128], [[[1, 0, (10, 52), (-3, 4), [142, 10, 10, 1], 0, 64, 1], None], [[0, 1, (-16, -37), (5, -4), [128, 64, 10, 1], 8, 64, 1], None]]]]
[1, 1, [256, 0, [512, 1, 64], [16, 128], [200, 10, 10, 1]], [112, [16, 128], [[[1, 0, (7, 55), (-3, 3), [142, 10, 10, 1], 16, 64, 1], None], [[0, 1, (-11, -40), (5, -3), [128, 64, 10, 1], 62, 64, 1], [[2, (7, 55), 64, 26, 4]]]]]]
[1, 1, [256, 0, [512, 1, 64], [16, 128], [200, 10, 10, 1]], [113, [16, 128], [[[1, 0, (4, 57), (-3, 2), [142, 10, 10, 1], 6, 64, 1], None], [[0, 1, (-6, -42), (5, -2), [128, 64, 10, 1], 52, 64, 1], None]]]]
[1, 1, [256, 0, [512, 1, 64], [16, 128], [200, 10, 10, 1]], [114, [16, 128], [[[1, 0, (1, 58), (-3, 1), [142, 10, 10, 1], 0, 64, 1], None], [[0, 1, (-1, -43), (5, -1), [128, 64, 10, 1], 42, 64, 1], None]]]]
[1, 1, [256, 0, [512, 1, 64], [16, 128], [200, 10, 10, 1]], [115, [16, 128], [[[1, 0, (-2, 58), (-3, 0), [142, 10, 10, 1], 0, 64, 1], None], [[0, 1, (4, -43), (5, 0), [128, 64, 10, 1], 32, 64, 1], None]]]]
[1, 1, [256, 0, [512, 1, 64], [16, 128], [200, 10, 10, 1]], [116, [16, 128], [[[1, 0, (-5, 57), (-3, -1), [142, 10, 10, 1], 0, 64, 1], None], [[0, 1, (9, -42), (5, 1), [128, 64, 10, 1], 22, 64, 1], None]]]]
[1, 1, [256, 0, [512, 1, 64], [16, 128], [200, 10, 10, 1]], [117, [16, 128], [[[1, 0, (-8, 55), (-3, -2), [142, 10, 10, 1], 0, 64, 1], None], [[0, 1, (14, -40), (5, 2), [128, 64, 10, 1], 12, 64, 1], None]]]]
[1, 1, [256, 0, [512, 1, 64], [16, 128], [200, 10, 10, 1]], [118, [16, 128], [[[1, 0, (-11, 52), (-3, -3), [142, 10, 10, 1], 0, 64, 1], None], [[0, 1, (19, -37), (5, 3), [128, 64, 10, 1], 2, 64, 1], None]]]]
[1, 1, [256, 0, [512, 1, 64], [16, 128], [200, 10, 10, 1]], [119, [16, 128], [[[1, 0, (-14, 48), (-3, -4), [142, 10, 10, 1], 0, 64, 1], None], [[0, 1, (24, -33), (5, 4), [128, 64, 10, 1], 56, 64, 1], [[2, (-14, 48), 64, 0, 4]]]]]]
[1, 1, [256, 0, [512, 1, 64], [16, 128], [200, 10, 10, 1]], [120, [16, 128], [[[1, 0, (-17, 43), (-3, -5), [142, 10, 10, 1], 0, 64, 1], None], [[0, 1, (29, -28), (5, 5), [128, 64, 10, 1], 46, 64, 1], None]]]]
[1, 1, [256, 0, [512, 1, 64], [16, 128], [200, 10, 10, 1]], [121, [16, 128], [[[1, 0, (-20, 37), (-3, -6), [142, 10, 10, 1], 0, 64, 1], None], [[0, 1, (33, -23), (4, 5), [128, 64, 10, 1], 36, 64, 1], None]]]]
[1, 1, [256, 0, [512, 1, 64], [16, 128], [200, 10, 10, 1]], [122, [16, 128], [[[1, 0, (-23, 30), (-3, -7), [142, 10, 10, 1], 0, 64, 1], None], [[0, 1, (36, -18), (3, 5), [128, 64, 10, 1], 26, 64, 1], None]]]]
[1, 1, [256, 0, [512, 1, 64], [16, 128], [200, 10, 10, 1]], [123, [16, 128], [[[1, 0, (-26, 22), (-3, -8), [142, 10, 10, 1], 0, 64, 1], None], [[0, 1, (38, -13), (2, 5), [128, 64, 10, 1], 16, 64, 1], None]]]]
[1, 1, [256, 0, [512, 1, 64], [16, 128], [200, 10, 10, 1]], [124, [16, 128], [[[1, 0, (-28, 14), (-2, -8), [142, 10, 10, 1], 0, 64, 1], None], [[0, 1, (39, -8), (1, 5), [128, 64, 10, 1], 6, 64, 1], None]]]]
[1, 1, [256, 0, [512, 1, 64], [16, 128], [200, 10, 10, 1]], [125, [16, 128], [[[1, 0, (-29, 6), (-1, -8), [141, 10, 10, 1], 64, 64, 1], None], [[0, 1, (39, -3), (0, 5), [128, 64, 10, 1], 60, 64, 1], [[2, (-29, 6), 64, 75, 4]]]]]]
[1, 1, [256, 0, [512, 1, 64], [16, 128], [200, 10, 10, 1]], [126, [16, 128], [[[1, 0, (-29, -2), (0, -8), [141, 10, 10, 1], 54, 64, 1], None], [[0, 1, (38, 2), (-1, 5), [128, 64, 10, 1], 50, 64, 1], None]]]]
[1, 1, [256, 0, [512, 1, 64], [16, 128], [200, 10, 10, 1]], [127, [16, 128], [[[1, 0, (-28, -10), (1, -8), [141, 10, 10, 1], 44, 64, 1], None], [[0, 1, (36, 7), (-2, 5), [128, 64, 10, 1], 40, 64, 1], None]]]]
[1, 1, [256, 0, [512, 1, 64], [16, 128], [200, 10, 10, 1]], [128, [16, 128], [[[1, 0, (-26, -18), (2, -8), [141, 10, 10, 1], 34, 64, 1], None], [[0, 1, (33, 12), (-3, 5), [128, 64, 10, 1], 30, 64, 1], None]]]]
[1, 1, [256, 0, [512, 1, 64], [16, 128], [200, 10, 10, 1]], [129, [16, 128], [[[1, 0, (-23, -26), (3, -8), [141, 10, 10, 1], 24, 64, 1], None], [[0, 1, (29, 17), (-4, 5), [128, 64, 10, 1], 20, 64, 1], None]]]]
[1, 1, [256, 0, [512, 1, 64], [16, 128], [200, 10, 10, 1]], [130, [16, 128], [[[1, 0, (-20, -33), (3, -7), [141, 10, 10, 1], 14, 64, 1], None], [[0, 1, (24, 22), (-5, 5), [128, 64, 10, 1], 10, 64, 1], None]]]]
[1, 1, [256, 0, [512, 1, 64], [16, 128], [200, 10, 10, 1]], [131, [16, 128], [[[1, 0, (-17, -39), (3, -6), [141, 10, 10, 1], 4, 64, 1], None], [[0, 1, (18, 27), (-6, 5), [128, 64, 10, 1], 0, 64, 1], None]]]]
[1, 1, [256, 0, [512, 1, 64], [16, 128], [200, 10, 10, 1]], [132, [16, 128], [[[1, 0, (-14, -44), (3, -5), [141, 10, 10, 1], 0, 64, 1], None], [[0, 1, (12, 31), (-6, 4), [128, 64, 10, 1], 54, 64, 1], [[2, (-14, -44), 64, 0, 4]]]]]]
[1, 1, [256, 0, [512, 1, 64], [16, 128], [200, 10, 10, 1]], [133, [16, 128], [[[1, 0, (-11, -48), (3, -4), [141, 10, 10, 1], 0, 64, 1], None], [[0, 1, (6, 34), (-6, 3), [128, 64, 10, 1], 44, 64, 1], None]]]]
[1, 1, [256, 0, [512, 1, 64], [16, 128], [200, 10, 10, 1]], [134, [16, 128], [[[1, 0, (-8, -51), (3, -3), [141, 10, 10, 1], 0, 64, 1], None], [[0, 1, (0, 36), (-6, 2), [128, 64, 10, 1], 34, 64, 1], None]]]]
[1, 1, [256, 0, [512, 1, 64], [16, 128], [200, 10, 10, 1]], [135, [16, 128], [[[1, 0, (-5, -53), (3, -2), [141, 10, 10, 1], 0, 64, 1], None], [[0, 1, (-6, 37), (-6, 1), [128, 64, 10, 1], 24, 64, 1], None]]]]
[1, 1, [256, 0, [512, 1, 64], [16, 128], [200, 10, 10, 1]], [136, [16, 128], [[[1, 0, (-2, -54), (3, -1), [141, 10, 10, 1], 0, 64, 1], None], [[0, 1, (-12, 37), (-6, 0), [128, 64, 10, 1], 14, 64, 1], None]]]]
[1, 1, [256, 0, [512, 1, 64], [16, 128], [200, 10, 10, 1]], [137, [16, 128], [[[1, 0, (1, -54), (3, 0), [141, 10, 10, 1], 0, 64, 1], None], [[0, 1, (-18, 36), (-6, -1), [128, 64, 10, 1], 4, 64, 1], None]]]]
[1, 1, [256, 0, [512, 1, 64], [16, 128], [200, 10, 10, 1]], [138, [16, 128], [[[1, 0, (4, -53), (3, 1), [141, 10, 10, 1], 0, 64, 1], None], [[0, 1, (-24, 34), (-6, -2), [128, 64, 10, 1], 58, 64, 1], [[2, (4, -53), 64, 0, 4]]]]]]
[1, 1, [256, 0, [512, 1, 64], [16, 128], [200, 10, 10, 1]], [139, [16, 128], [[[1, 0, (7, -51), (3, 2), [141, 10, 10, 1], 0, 64, 1], None], [[0, 1, (-30, 31), (-6, -3), [128, 64, 10, 1], 48, 64, 1], None]]]]
[1, 1, [256, 0, [512, 1, 64], [16, 128], [200, 10, 10, 1]], [140, [16, 128], [[[1, 0, (10, -48), (3, 3), [141, 10, 10, 1], 0, 64, 1], None], [[0, 1, (-36, 27), (-6, -4), [128, 64, 10, 1], 38, 64, 1], None]]]]
[1, 1, [256, 0, [512, 1, 64], [16, 128], [200, 10, 10, 1]], [141, [16, 128], [[[1, 0, (13, -44), (3, 4), [141, 10, 10, 1], 0, 64, 1], None], [[0, 1, (-41, 23), (-5, -4), [128, 64, 10, 1], 28, 64, 1], None]]]]
[1, 1, [256, 0, [512, 1, 64], [16, 128], [200, 10, 10, 1]], [142, [16, 128], [[[1, 0, (16, -39), (3, 5), [141, 10, 10, 1], 0, 64, 1], None], [[0, 1, (-45, 19), (-4, -4), [128, 64, 10, 1], 18, 64, 1], None]]]]
[1, 1, [256, 0, [512, 1, 64], [16, 128], [200, 10, 10, 1]], [143, [16, 128], [[[1, 0, (19, -33), (3, 6), [141, 10, 10, 1], 0, 64, 1], None], [[0, 1, (-48, 15), (-3, -4), [128, 64, 10, 1], 8, 64, 1], None]]]]
[1, 1, [256, 0, [512, 1, 64], [16, 128], [200, 10, 10, 1]], [144, [16, 128], [[[1, 0, (22, -26), (3, 7), [141, 10, 10, 1], 0, 64, 1], None], [[0, 1, (-50, 11), (-2, -4), [128, 64, 10, 1], 62, 64, 1], [[2, (22, -26), 64, 0, 4]]]]]]
[1, 1, [256, 0, [512, 1, 64], [16, 128], [200, 10, 10, 1]], [145, [16, 128], [[[1, 0, (25, -18), (3, 8), [141, 10, 10, 1], 0, 64, 1], None], [[0, 1, (-51, 7), (-1, -4), [128, 64, 10, 1], 52, 64, 1], None]]]]
[1, 1, [256, 0, [512, 1, 64], [16, 128], [200, 10, 10, 1]], [146, [16, 128], [[[1, 0, (27, -10), (2, 8), [141, 10, 10, 1], 0, 64, 1], None], [[0, 1, (-51, 3), (0, -4), [128, 64, 10, 1], 42, 64, 1], None]]]]
[1, 1, [256, 0, [512, 1, 64], [16, 128], [200, 10, 10, 1]], [147, [16, 128], [[[1, 0, (28, -2), (1, 8), [141, 10, 10, 1], 0, 64, 1], None], [[0, 1, (-50, -1), (1, -4), [128, 64, 10, 1], 32, 64, 1], None]]]]
[1, 1, [256, 0, [512, 1, 64], [16, 128], [200, 10, 10, 1]], [148, [16, 128], [[[1, 0, (28, 6), (0, 8), [141, 10, 10, 1], 0, 64, 1], None], [[0, 1, (-48, -5), (2, -4), [128, 64, 10, 1], 22, 64, 1], None]]]]
[1, 1, [256, 0, [512, 1, 64], [16, 128], [200, 10, 10, 1]], [149, [16, 128], [[[1, 0, (27, 14), (-1, 8), [141, 10, 10, 1], 0, 64, 1], None], [[0, 1, (-45, -9), (3, -4), [128, 64, 10, 1], 12, 64, 1], None]]]]
[1, 1, [256, 0, [512, 1, 64], [16, 128], [200, 10, 10, 1]], [150, [16, 128], [[[1, 0, (25, 22), (-2, 8), [141, 10, 10, 1], 0, 64, 1], None], [[0, 1, (-41, -13), (4, -4), [128, 64, 10, 1], 2, 64, 1], None]]]]
[1, 1, [256, 0, [512, 1, 64], [16, 128], [200, 10, 10, 1]], [151, [16, 128], [[[1, 0, (22, 30), (-3, 8), [141, 10, 10, 1], 53, 64, 1], None], [[0, 1, (-36, -17), (5, -4), [128, 64, 10, 1], 56, 64, 1], [[2, (22, 30), 64, 63, 4]]]]]]
[1, 1, [256, 0, [512, 1, 64], [16, 128], [200, 10, 10, 1]], [152, [16, 128], [[[1, 0, (19, 37), (-3, 7), [141, 10, 10, 1], 43, 64, 1], None], [[0, 1, (-30, -21), (6, -4), [128, 64, 10, 1], 46, 64, 1], None]]]]
[1, 1, [256, 0, [512, 1, 64], [16, 128], [200, 10, 10, 1]], [153, [16, 128], [[[1, 0, (16, 43), (-3, 6), [141, 10, 10, 1], 33, 64, 1], None], [[0, 1, (-23, -25), (7, -4), [128, 64, 10, 1], 36, 64, 1], None]]]]
[1, 1, [256, 0, [512, 1, 64], [16, 128], [200, 10, 10, 1]], [154, [16, 128], [[[1, 0, (13, 48), (-3, 5), [141, 10, 10, 1], 23, 64, 1], None], [[0, 1, (-16, -28), (7, -3), [128, 64, 10, 1], 26, 64, 1], None]]]]
[1, 1, [256, 0, [512, 1, 64], [16, 128], [200, 10, 10, 1]], [155, [16, 128], [[[1, 0, (10, 52), (-3, 4), [141, 10, 10, 1], 13, 64, 1], None], [[0, 1, (-9, -30), (7, -2), [128, 64, 10, 1], 16, 64, 1], None]]]]
[1, 1, [256, 0, [512, 1, 64], [16, 128], [200, 10, 10, 1]], [156, [16, 128], [[[1, 0, (7, 55), (-3, 3), [141, 10, 10, 1], 3, 64, 1], None], [[0, 1, (-2, -31), (7, -1), [128, 64, 10, 1], 6, 64, 1], None]]]]
[1, 1, [256, 0, [512, 1, 64], [16, 128], [200, 10, 10, 1]], [157, [16, 128], [[[1, 0, (4, 57), (-3, 2), [111, 10, 10, 1], 64, 64, 1], None], [[0, 1, (5, -31), (7, 0), [128, 64, 10, 1], 60, 64, 1], [[2, (4, 57), 64, 101, 4]]]]]]
[1, 1, [256, 0, [512, 1, 64], [16, 128], [200, 10, 10, 1]], [158, [16, 128], [[[1, 0, (1, 58), (-3, 1), [111, 10, 10, 1], 54, 64, 1], None], [[0, 1, (12, -30), (7, 1), [128, 64, 10, 1], 50, 64, 1], None]]]]
[1, 1, [256, 0, [512, 1, 64], [16, 128], [200, 10, 10, 1]], [159, [16, 128], [[[1, 0, (-2, 58), (-3, 0), [111, 10, 10, 1], 44, 64, 1], None], [[0, 1, (19, -28), (7, 2), [128, 64, 10, 1], 40, 64, 1], None]]]]
[1, 1, [256, 0, [512, 1, 64], [16, 128], [200, 10, 10, 1]], [160, [16, 128], [[[1, 0, (-5, 57), (-3, -1), [111, 10, 10, 1], 34, 64, 1], None], [[0, 1, (26, -25), (7, 3), [128, 64, 10, 1], 30, 64, 1], None]]]]
[1, 1, [256, 0, [512, 1, 64], [16, 128], [200, 10, 10, 1]], [161, [16, 128], [[[1, 0, (-8, 55), (-3, -2), [111, 10, 10, 1], 24, 64, 1], None], [[0, 1, (32, -22), (6, 3), [128, 64, 10, 1], 20, 64, 1], None]]]]
[1, 1, [256, 0, [512, 1, 64], [16, 128], [200, 10, 10, 1]], [162, [16, 128], [[[1, 0, (-11, 52), (-3, -3), [111, 10, 10, 1], 14, 64, 1], None], [[0, 1, (37, -19), (5, 3), [128, 64, 10, 1], 10, 64, 1], None]]]]
[1, 1, [256, 0, [512, 1, 64], [16, 128], [200, 10, 10, 1]], [163, [16, 128], [[[1, 0, (-14, 48), (-3, -4), [111, 10, 10, 1], 4, 64, 1], None], [[0, 1, (41, -16), (4, 3), [128, 64, 10, 1], 0, 64, 1], None]]]]
[1, 1, [256, 0, [512, 1, 64], [16, 128], [200, 10, 10, 1]], [164, [16, 128], [[[1, 0, (-17, 43), (-3, -5), [80, 10, 10, 1], 64, 64, 1], None], [[0, 1, (44, -13), (3, 3), [128, 64, 10, 1], 54, 64, 1], [[2, (-17, 43), 64, 101, 4]]]]]]
[1, 1, [256, 0, [512, 1, 64], [16, 128], [200, 10, 10, 1]], [165, [16, 128], [[[1, 0, (-20, 37), (-3, -6), [80, 10, 10, 1], 54, 64, 1], None], [[0, 1, (46, -10), (2, 3), [128, 64, 10, 1], 44, 64, 1], None]]]]
