[1, 0, [256, 0, [512, 1, 64], [16, 128], [64, 64, 10, 4]], None]
[1, 1, [256, 0, [512, 1, 64], [16, 128], [64, 64, 10, 4]], [0, [16, 128], [[[1, 0, (-4, -48), (0, 0), [64, 64, 10, 4], 0, 64, 1], None], [[0, 1, (4, 48), (0, 0), [100, 10, 10, 1], 0, 64, 1], None]]]]
[1, 1, [256, 0, [512, 1, 64], [16, 128], [64, 64, 10, 4]], [1, [16, 128], [[[1, 0, (-4, -47), (0, 1), [32, 32, 5, 2], 0, 64, 1], [[3, [32, 32, 5, 2]]]], [[0, 1, (4, 47), (0, -1), [100, 10, 10, 1], 0, 64, 1], None], [[1, 2, (-4, -47), (0, 1), [32, 32, 5, 2], 0, 64, 1], None]]]]
[1, 1, [256, 0, [512, 1, 64], [16, 128], [64, 64, 10, 4]], [2, [16, 128], [[[1, 0, (-4, -45), (0, 2), [32, 32, 5, 2], 0, 64, 1], None], [[0, 1, (5, 46), (1, -1), [99, 10, 10, 1], 0, 64, 1], [[0, (-1, -1)]]], [[1, 2, (-4, -45), (0, 2), [32, 32, 5, 2], 0, 64, 1], None]]]]
[1, 1, [256, 0, [512, 1, 64], [16, 128], [64, 64, 10, 4]], [3, [16, 128], [[[1, 0, (-4, -42), (0, 3), [32, 32, 5, 2], 0, 64, 1], None], [[0, 1, (7, 45), (2, -1), [98, 10, 10, 1], 0, 64, 1], [[0, (-1, -1)]]], [[1, 2, (-4, -42), (0, 3), [32, 32, 5, 2], 0, 64, 1], None]]]]
[1, 1, [256, 0, [512, 1, 64], [16, 128], [64, 64, 10, 4]], [4, [16, 128], [[[1, 0, (-4, -38), (0, 4), [32, 32, 5, 2], 0, 64, 1], None], [[0, 1, (10, 44), (3, -1), [97, 10, 10, 1], 0, 64, 1], [[0, (-1, -1)]]], [[1, 2, (-4, -38), (0, 4), [32, 32, 5, 2], 0, 64, 1], None]]]]
[1, 1, [256, 0, [512, 1, 64], [16, 128], [64, 64, 10, 4]], [5, [16, 128], [[[1, 0, (-4, -33), (0, 5), [32, 32, 5, 2], 0, 64, 1], None], [[0, 1, (14, 43), (4, -1), [96, 10, 10, 1], 0, 64, 1], [[0, (-1, -1)]]], [[1, 2, (-4, -33), (0, 5), [32, 32, 5, 2], 0, 64, 1], None]]]]
[1, 1, [256, 0, [512, 1, 64], [16, 128], [64, 64, 10, 4]], [6, [16, 128], [[[1, 0, (-4, -27), (0, 6), [32, 32, 5, 2], 0, 64, 1], None], [[0, 1, (19, 42), (5, -1), [95, 10, 10, 1], 0, 64, 1], [[0, (-1, -1)]]], [[1, 2, (-4, -27), (0, 6), [32, 32, 5, 2], 0, 64, 1], None]]]]
[1, 1, [256, 0, [512, 1, 64], [16, 128], [64, 64, 10, 4]], [7, [16, 128], [[[1, 0, (-4, -20), (0, 7), [32, 32, 5, 2], 0, 64, 1], None], [[0, 1, (25, 41), (6, -1), [94, 10, 10, 1], 0, 64, 1], [[0, (-1, -1)]]], [[1, 2, (-4, -20), (0, 7), [32, 32, 5, 2], 0, 64, 1], None]]]]
[1, 2, [256, 0, [512, 1, 64], [16, 128], [64, 64, 10, 4]], [8, [16, 128], [[[1, 0, (-4, -12), (0, 8), [0, 0, 0, 0], 0, 64, 1], None], [[0, 1, (32, 40), (7, -1), [93, 10, 10, 1], 0, 64, 1], [[0, (-1, -1)]]], [[1, 2, (-4, -12), (0, 8), [0, 0, 0, 0], 0, 64, 1], None]]]]
