[1, 0, [256, 0, [512, 1, 64], [16, 128], [64, 48, 14, 1]], None]
[1, 1, [256, 0, [512, 1, 64], [16, 128], [64, 48, 14, 1]], [0, [16, 128], [[[1, 0, (16, -48), (0, 0), [64, 48, 14, 1], 0, 64, 1], None], [[0, 1, (-16, 48), (0, 0), [1, 1, 1, 1], 0, 64, 1], None]]]]
[1, 1, [256, 0, [512, 1, 64], [16, 128], [64, 48, 14, 1]], [1, [16, 128], [[[1, 0, (16, -47), (0, 1), [64, 48, 14, 1], 18, 64, 1], [[2, (-16, 47), 32, 0, 4]]], [[0, 1, (-16, 47), (0, -1), [1, 1, 1, 1], 0, 64, 1], None]]]]
[1, 1, [256, 0, [512, 1, 64], [16, 128], [64, 48, 14, 1]], [2, [16, 128], [[[1, 0, (16, -45), (0, 2), [64, 48, 14, 1], 36, 64, 1], [[2, (-16, 45), 32, 0, 4]]], [[0, 1, (-16, 45), (0, -2), [1, 1, 1, 1], 0, 64, 1], None]]]]
[1, 1, [256, 0, [512, 1, 64], [16, 128], [64, 48, 14, 1]], [3, [16, 128], [[[1, 0, (16, -42), (0, 3), [64, 48, 14, 1], 54, 64, 1], [[2, (-16, 42), 32, 0, 4]]], [[0, 1, (-16, 42), (0, -3), [1, 1, 1, 1], 0, 64, 1], None]]]]
[1, 1, [256, 0, [512, 1, 64], [16, 128], [64, 48, 14, 1]], [4, [16, 128], [[[1, 0, (16, -38), (0, 4), [56, 48, 14, 1], 64, 64, 1], [[2, (-16, 38), 32, 0, 4]]], [[0, 1, (-16, 38), (0, -4), [1, 1, 1, 1], 0, 64, 1], None]]]]
[1, 1, [256, 0, [512, 1, 64], [16, 128], [64, 48, 14, 1]], [5, [16, 128], [[[1, 0, (16, -33), (0, 5), [38, 48, 14, 1], 64, 64, 1], [[2, (-16, 33), 32, 0, 4]]], [[0, 1, (-16, 33), (0, -5), [1, 1, 1, 1], 0, 64, 1], None]]]]
[1, 1, [256, 0, [512, 1, 64], [16, 128], [64, 48, 14, 1]], [6, [16, 128], [[[1, 0, (16, -27), (0, 6), [20, 48, 14, 1], 64, 64, 1], [[2, (-16, 27), 32, 0, 4]]], [[0, 1, (-16, 27), (0, -6), [1, 1, 1, 1], 0, 64, 1], None]]]]
[1, 1, [256, 0, [512, 1, 64], [16, 128], [64, 48, 14, 1]], [7, [16, 128], [[[1, 0, (16, -20), (0, 7), [2, 48, 14, 1], 64, 64, 1], [[2, (-16, 20), 32, 19, 4]]], [[0, 1, (-16, 20), (0, -7), [1, 1, 1, 1], 18, 64, 1], None]]]]
[1, 2, [256, 0, [512, 1, 64], [16, 128], [64, 48, 14, 1]], [8, [16, 128], [[[1, 0, (16, -12), (0, 8), [0, 0, 0, 0], 64, 64, 1], None], [[0, 1, (-16, 12), (0, -8), [0, 0, 0, 0], 18, 64, 1], None]]]]
