[1, 0, [256, 0, [512, 1, 64], [16, 128], [64, 48, 14, 1]], None]
[1, 1, [256, 0, [512, 1, 64], [16, 128], [64, 48, 14, 1]], [0, [16, 128], [[[1, 0, (48, -19), (0, 0), [64, 48, 14, 1], 0, 64, 1], None], [[0, 1, (-48, 19), (0, 0), [5, 5, 5, 5], 0, 64, 1], None]]]]
[1, 1, [256, 0, [512, 1, 64], [16, 128], [64, 48, 14, 1]], [1, [16, 128], [[[1, 0, (47, -19), (-1, 0), [64, 48, 14, 1], 34, 64, 1], [[2, (-47, 18), 48, 0, 4]]], [[0, 1, (-47, 19), (1, 0), [5, 5, 5, 5], 0, 64, 1], None]]]]
[1, 1, [256, 0, [512, 1, 64], [16, 128], [64, 48, 14, 1]], [2, [16, 128], [[[1, 0, (45, -19), (-2, 0), [60, 48, 14, 1], 64, 64, 1], [[2, (-45, 18), 48, 0, 4]]], [[0, 1, (-45, 19), (2, 0), [5, 5, 5, 5], 0, 64, 1], None]]]]
[1, 1, [256, 0, [512, 1, 64], [16, 128], [64, 48, 14, 1]], [3, [16, 128], [[[1, 0, (42, -19), (-3, 0), [26, 48, 14, 1], 64, 64, 1], [[2, (-42, 18), 48, 0, 4]]], [[0, 1, (-42, 19), (3, 0), [5, 5, 5, 5], 0, 64, 1], None]]]]
[1, 1, [256, 0, [512, 1, 64], [16, 128], [64, 48, 14, 1]], [4, [16, 128], [[[1, 0, (38, -19), (-4, 0), [0, 40, 14, 1], 64, 64, 1], [[2, (-38, 18), 48, 0, 4]]], [[0, 1, (-38, 19), (4, 0), [5, 5, 5, 5], 0, 64, 1], None]]]]
[1, 1, [256, 0, [512, 1, 64], [16, 128], [64, 48, 14, 1]], [5, [16, 128], [[[1, 0, (33, -19), (-5, 0), [0, 14, 14, 1], 64, 64, 1], [[2, (-33, 18), 40, 0, 4]]], [[0, 1, (-33, 19), (5, 0), [5, 5, 5, 5], 0, 64, 1], None]]]]
[1, 1, [256, 0, [512, 1, 64], [16, 128], [64, 48, 14, 1]], [6, [16, 128], [[[1, 0, (27, -19), (-6, 0), [0, 14, 14, 1], 64, 64, 1], [[2, (-27, 18), 14, 0, 4]]], [[0, 1, (-27, 19), (6, 0), [5, 5, 5, 5], 0, 64, 1], None]]]]
[1, 1, [256, 0, [512, 1, 64], [16, 128], [64, 48, 14, 1]], [7, [16, 128], [[[1, 0, (20, -19), (-7, 0), [0, 14, 14, 1], 64, 64, 1], [[2, (-20, 18), 14, 0, 4]]], [[0, 1, (-20, 19), (7, 0), [5, 5, 5, 5], 0, 64, 1], None]]]]
[1, 1, [256, 0, [512, 1, 64], [16, 128], [64, 48, 14, 1]], [8, [16, 128], [[[1, 0, (12, -19), (-8, 0), [0, 14, 14, 1], 64, 64, 1], [[2, (-13, 18), 14, 0, 4]]], [[0, 1, (-12, 19), (8, 0), [5, 5, 5, 5], 0, 64, 1], None]]]]
[1, 1, [256, 0, [512, 1, 64], [16, 128], [64, 48, 14, 1]], [9, [16, 128], [[[1, 0, (4, -18), (-8, 1), [0, 14, 14, 1], 64, 64, 1], [[2, (-4, 18), 14, 0, 4]]], [[0, 1, (-4, 18), (8, -1), [5, 5, 5, 5], 0, 64, 1], None]]]]
[1, 2, [256, 0, [512, 1, 64], [16, 128], [64, 48, 14, 1]], [10, [16, 128], [[[1, 0, (-4, -16), (-8, 2), [0, 0, 0, 0], 64, 64, 1], None], [[0, 1, (4, 16), (8, -2), [0, 0, 0, 0], 0, 64, 1], None]]]]
