[1, 0, [256, 0, [512, 1, 64], [16, 128], [64, 48, 14, 1]], None]
[1, 1, [256, 0, [512, 1, 64], [16, 128], [64, 48, 14, 1]], [0, [16, 128], [[[1, 0, (-48, 16), (0, 0), [64, 48, 14, 1], 0, 64, 1], None], [[0, 1, (48, -16), (0, 0), [100, 10, 10, 1], 0, 64, 1], None]]]]
[1, 1, [256, 0, [512, 1, 64], [16, 128], [64, 48, 14, 1]], [1, [16, 128], [[[1, 0, (-47, 16), (1, 0), [64, 48, 14, 1], 34, 64, 1], [[2, (47, -16), 48, 0, 4]]], [[0, 1, (47, -16), (-1, 0), [100, 10, 10, 1], 0, 64, 1], None]]]]
[1, 1, [256, 0, [512, 1, 64], [16, 128], [64, 48, 14, 1]], [2, [16, 128], [[[1, 0, (-46, 17), (1, 1), [51, 48, 14, 1], 64, 64, 1], [[0, (1, -1)], [2, (45, -16), 48, 0, 4]]], [[0, 1, (46, -17), (-1, -1), [99, 10, 10, 1], 0, 64, 1], [[0, (-1, 1)]]]]]]
[1, 1, [256, 0, [512, 1, 64], [16, 128], [64, 48, 14, 1]], [3, [16, 128], [[[1, 0, (-45, 19), (1, 2), [8, 48, 14, 1], 64, 64, 1], [[0, (1, -1)], [2, (44, -18), 48, 0, 4]]], [[0, 1, (45, -19), (-1, -2), [98, 10, 10, 1], 0, 64, 1], [[0, (-1, 1)]]]]]]
[1, 1, [256, 0, [512, 1, 64], [16, 128], [64, 48, 14, 1]], [4, [16, 128], [[[1, 0, (-44, 22), (1, 3), [0, 13, 14, 1], 64, 64, 1], [[0, (1, -1)], [2, (43, -21), 48, 0, 4]]], [[0, 1, (44, -22), (-1, -3), [97, 10, 10, 1], 0, 64, 1], [[0, (-1, 1)]]]]]]
[1, 1, [256, 0, [512, 1, 64], [16, 128], [64, 48, 14, 1]], [5, [16, 128], [[[1, 0, (-42, 25), (2, 3), [0, 13, 14, 1], 63, 64, 1], [[2, (42, -25), 13, 0, 4]]], [[0, 1, (43, -26), (-1, -4), [96, 10, 10, 1], 0, 64, 1], [[0, (-1, 1)]]]]]]
[1, 1, [256, 0, [512, 1, 64], [16, 128], [64, 48, 14, 1]], [6, [16, 128], [[[1, 0, (-39, 28), (3, 3), [0, 13, 14, 1], 62, 64, 1], [[2, (41, -30), 13, 0, 4]]], [[0, 1, (42, -31), (-1, -5), [95, 10, 10, 1], 0, 64, 1], [[0, (-1, 1)]]]]]]
[1, 1, [256, 0, [512, 1, 64], [16, 128], [64, 48, 14, 1]], [7, [16, 128], [[[1, 0, (-35, 31), (4, 3), [0, 13, 14, 1], 61, 64, 1], [[2, (40, -36), 13, 0, 4]]], [[0, 1, (41, -37), (-1, -6), [94, 10, 10, 1], 0, 64, 1], [[0, (-1, 1)]]]]]]
[1, 1, [256, 0, [512, 1, 64], [16, 128], [64, 48, 14, 1]], [8, [16, 128], [[[1, 0, (-30, 34), (5, 3), [0, 13, 14, 1], 60, 64, 1], [[2, (39, -43), 13, 0, 4]]], [[0, 1, (40, -44), (-1, -7), [93, 10, 10, 1], 0, 64, 1], [[0, (-1, 1)]]]]]]
[1, 1, [256, 0, [512, 1, 64], [16, 128], [64, 48, 14, 1]], [9, [16, 128], [[[1, 0, (-25, 36), (5, 2), [0, 13, 14, 1], 59, 64, 1], [[2, (38, -50), 13, 0, 4]]], [[0, 1, (40, -51), (0, -7), [92, 10, 10, 1], 0, 64, 1], [[0, (-1, 1)]]]]]]
[1, 1, [256, 0, [512, 1, 64], [16, 128], [64, 48, 14, 1]], [10, [16, 128], [[[1, 0, (-20, 37), (5, 1), [0, 13, 14, 1], 58, 64, 1], [[2, (39, -57), 13, 0, 4]]], [[0, 1, (40, -57), (0, -6), [92, 10, 10, 1], 0, 64, 1], None]]]]
[1, 1, [256, 0, [512, 1, 64], [16, 128], [64, 48, 14, 1]], [11, [16, 128], [[[1, 0, (-15, 37), (5, 0), [0, 13, 14, 1], 57, 64, 1], [[2, (39, -62), 13, 0, 4]]], [[0, 1, (40, -62), (0, -5), [92, 10, 10, 1], 0, 64, 1], None]]]]
[1, 1, [256, 0, [512, 1, 64], [16, 128], [64, 48, 14, 1]], [12, [16, 128], [[[1, 0, (-10, 36), (5, -1), [0, 13, 14, 1], 56, 64, 1], [[2, (39, -66), 13, 0, 4]]], [[0, 1, (40, -66), (0, -4), [92, 10, 10, 1], 0, 64, 1], None]]]]
[1, 1, [256, 0, [512, 1, 64], [16, 128], [64, 48, 14, 1]], [13, [16, 128], [[[1, 0, (-5, 34), (5, -2), [0, 13, 14, 1], 55, 64, 1], [[2, (39, -69), 13, 0, 4]]], [[0, 1, (40, -69), (0, -3), [92, 10, 10, 1], 0, 64, 1], None]]]]
[1, 1, [256, 0, [512, 1, 64], [16, 128], [64, 48, 14, 1]], [14, [16, 128], [[[1, 0, (0, 31), (5, -3), [0, 13, 14, 1], 54, 64, 1], [[2, (39, -71), 13, 0, 4]]], [[0, 1, (40, -71), (0, -2), [92, 10, 10, 1], 0, 64, 1], None]]]]
[1, 1, [256, 0, [512, 1, 64], [16, 128], [64, 48, 14, 1]], [15, [16, 128], [[[1, 0, (5, 27), (5, -4), [0, 13, 14, 1], 53, 64, 1], [[2, (39, -72), 13, 0, 4]]], [[0, 1, (40, -72), (0, -1), [92, 10, 10, 1], 0, 64, 1], None]]]]
[1, 1, [256, 0, [512, 1, 64], [16, 128], [64, 48, 14, 1]], [16, [16, 128], [[[1, 0, (10, 22), (5, -5), [0, 13, 14, 1], 52, 64, 1], [[2, (39, -72), 13, 0, 4]]], [[0, 1, (40, -72), (0, 0), [92, 10, 10, 1], 0, 64, 1], None]]]]
[1, 2, [256, 0, [512, 1, 64], [16, 128], [64, 48, 14, 1]], [17, [16, 128], [[[1, 0, (15, 16), (5, -6), [0, 0, 0, 0], 52, 64, 1], None], [[0, 1, (40, -71), (0, 1), [92, 10, 10, 1], 0, 64, 1], None]]]]
