[1, 0, [256, 0, [512, 1, 64], [16, 128], [200, 10, 10, 1]], None]
[1, 1, [256, 0, [512, 1, 64], [16, 128], [200, 10, 10, 1]], [0, [16, 128], [[[1, 0, (-48, 7), (0, 0), [200, 10, 10, 1], 0, 64, 1], None], [[0, 1, (48, -7), (0, 0), [134, 64, 10, 1], 0, 64, 1], None]]]]
[1, 1, [256, 0, [512, 1, 64], [16, 128], [200, 10, 10, 1]], [1, [16, 128], [[[1, 0, (-47, 7), (1, 0), [200, 10, 10, 1], 0, 64, 1], None], [[0, 1, (48, -8), (0, -1), [133, 64, 10, 1], 0, 64, 1], [[0, (-1, 1)]]]]]]
[1, 1, [256, 0, [512, 1, 64], [16, 128], [200, 10, 10, 1]], [2, [16, 128], [[[1, 0, (-46, 8), (1, 1), [199, 10, 10, 1], 0, 64, 1], [[0, (1, -1)]]], [[0, 1, (48, -10), (0, -2), [132, 64, 10, 1], 0, 64, 1], [[0, (-1, 1)]]]]]]
[1, 1, [256, 0, [512, 1, 64], [16, 128], [200, 10, 10, 1]], [3, [16, 128], [[[1, 0, (-45, 10), (1, 2), [198, 10, 10, 1], 0, 64, 1], [[0, (1, -1)]]], [[0, 1, (47, -12), (-1, -2), [132, 64, 10, 1], 0, 64, 1], None]]]]
[1, 1, [256, 0, [512, 1, 64], [16, 128], [200, 10, 10, 1]], [4, [16, 128], [[[1, 0, (-44, 13), (1, 3), [197, 10, 10, 1], 0, 64, 1], [[0, (1, -1)]]], [[0, 1, (45, -14), (-2, -2), [132, 64, 10, 1], 0, 64, 1], None]]]]
[1, 1, [256, 0, [512, 1, 64], [16, 128], [200, 10, 10, 1]], [5, [16, 128], [[[1, 0, (-43, 17), (1, 4), [196, 10, 10, 1], 0, 64, 1], [[0, (1, -1)]]], [[0, 1, (42, -16), (-3, -2), [132, 64, 10, 1], 0, 64, 1], None]]]]
[1, 1, [256, 0, [512, 1, 64], [16, 128], [200, 10, 10, 1]], [6, [16, 128], [[[1, 0, (-42, 22), (1, 5), [195, 10, 10, 1], 0, 64, 1], [[0, (1, -1)]]], [[0, 1, (38, -18), (-4, -2), [132, 64, 10, 1], 0, 64, 1], None]]]]
[1, 1, [256, 0, [512, 1, 64], [16, 128], [200, 10, 10, 1]], [7, [16, 128], [[[1, 0, (-41, 28), (1, 6), [194, 10, 10, 1], 0, 64, 1], [[0, (1, -1)]]], [[0, 1, (33, -20), (-5, -2), [132, 64, 10, 1], 0, 64, 1], None]]]]
[1, 1, [256, 0, [512, 1, 64], [16, 128], [200, 10, 10, 1]], [8, [16, 128], [[[1, 0, (-40, 35), (1, 7), [193, 10, 10, 1], 0, 64, 1], [[0, (1, -1)]]], [[0, 1, (27, -22), (-6, -2), [132, 64, 10, 1], 0, 64, 1], None]]]]
[1, 1, [256, 0, [512, 1, 64], [16, 128], [200, 10, 10, 1]], [9, [16, 128], [[[1, 0, (-39, 43), (1, 8), [192, 10, 10, 1], 0, 64, 1], [[0, (1, -1)]]], [[0, 1, (20, -24), (-7, -2), [132, 64, 10, 1], 0, 64, 1], None]]]]
[1, 1, [256, 0, [512, 1, 64], [16, 128], [200, 10, 10, 1]], [10, [16, 128], [[[1, 0, (-39, 51), (0, 8), [191, 10, 10, 1], 0, 64, 1], [[0, (1, -1)]]], [[0, 1, (13, -25), (-7, -1), [132, 64, 10, 1], 0, 64, 1], None]]]]
[1, 1, [256, 0, [512, 1, 64], [16, 128], [200, 10, 10, 1]], [11, [16, 128], [[[1, 0, (-39, 58), (0, 7), [191, 10, 10, 1], 0, 64, 1], None], [[0, 1, (6, -25), (-7, 0), [132, 64, 10, 1], 0, 64, 1], None]]]]
[1, 1, [256, 0, [512, 1, 64], [16, 128], [200, 10, 10, 1]], [12, [16, 128], [[[1, 0, (-39, 64), (0, 6), [191, 10, 10, 1], 0, 64, 1], None], [[0, 1, (-1, -24), (-7, 1), [132, 64, 10, 1], 0, 64, 1], None]]]]
[1, 1, [256, 0, [512, 1, 64], [16, 128], [200, 10, 10, 1]], [13, [16, 128], [[[1, 0, (-39, 69), (0, 5), [191, 10, 10, 1], 0, 64, 1], None], [[0, 1, (-8, -22), (-7, 2), [132, 64, 10, 1], 0, 64, 1], None]]]]
[1, 1, [256, 0, [512, 1, 64], [16, 128], [200, 10, 10, 1]], [14, [16, 128], [[[1, 0, (-39, 73), (0, 4), [191, 10, 10, 1], 0, 64, 1], None], [[0, 1, (-15, -19), (-7, 3), [132, 64, 10, 1], 0, 64, 1], None]]]]
[1, 1, [256, 0, [512, 1, 64], [16, 128], [200, 10, 10, 1]], [15, [16, 128], [[[1, 0, (-39, 76), (0, 3), [191, 10, 10, 1], 0, 64, 1], None], [[0, 1, (-22, -15), (-7, 4), [132, 64, 10, 1], 0, 64, 1], None]]]]
[1, 1, [256, 0, [512, 1, 64], [16, 128], [200, 10, 10, 1]], [16, [16, 128], [[[1, 0, (-39, 78), (0, 2), [191, 10, 10, 1], 0, 64, 1], None], [[0, 1, (-28, -11), (-6, 4), [132, 64, 10, 1], 0, 64, 1], None]]]]
[1, 1, [256, 0, [512, 1, 64], [16, 128], [200, 10, 10, 1]], [17, [16, 128], [[[1, 0, (-39, 79), (0, 1), [191, 10, 10, 1], 0, 64, 1], None], [[0, 1, (-33, -7), (-5, 4), [132, 64, 10, 1], 0, 64, 1], None]]]]
[1, 1, [256, 0, [512, 1, 64], [16, 128], [200, 10, 10, 1]], [18, [16, 128], [[[1, 0, (-39, 79), (0, 0), [191, 10, 10, 1], 0, 64, 1], None], [[0, 1, (-37, -3), (-4, 4), [132, 64, 10, 1], 0, 64, 1], None]]]]
[1, 1, [256, 0, [512, 1, 64], [16, 128], [200, 10, 10, 1]], [19, [16, 128], [[[1, 0, (-39, 78), (0, -1), [153, 10, 10, 1], 64, 64, 1], None], [[0, 1, (-40, 1), (-3, 4), [132, 64, 10, 1], 54, 64, 1], [[2, (-39, 78), 64, 112, 4]]]]]]
[1, 1, [256, 0, [512, 1, 64], [16, 128], [200, 10, 10, 1]], [20, [16, 128], [[[1, 0, (-39, 76), (0, -2), [153, 10, 10, 1], 54, 64, 1], None], [[0, 1, (-42, 5), (-2, 4), [132, 64, 10, 1], 44, 64, 1], None]]]]
[1, 1, [256, 0, [512, 1, 64], [16, 128], [200, 10, 10, 1]], [21, [16, 128], [[[1, 0, (-39, 73), (0, -3), [153, 10, 10, 1], 44, 64, 1], None], [[0, 1, (-43, 9), (-1, 4), [132, 64, 10, 1], 34, 64, 1], None]]]]
[1, 1, [256, 0, [512, 1, 64], [16, 128], [200, 10, 10, 1]], [22, [16, 128], [[[1, 0, (-39, 69), (0, -4), [153, 10, 10, 1], 34, 64, 1], None], [[0, 1, (-43, 13), (0, 4), [132, 64, 10, 1], 24, 64, 1], None]]]]
[1, 1, [256, 0, [512, 1, 64], [16, 128], [200, 10, 10, 1]], [23, [16, 128], [[[1, 0, (-39, 64), (0, -5), [153, 10, 10, 1], 24, 64, 1], None], [[0, 1, (-42, 17), (1, 4), [132, 64, 10, 1], 14, 64, 1], None]]]]
[1, 1, [256, 0, [512, 1, 64], [16, 128], [200, 10, 10, 1]], [24, [16, 128], [[[1, 0, (-39, 58), (0, -6), [153, 10, 10, 1], 14, 64, 1], None], [[0, 1, (-40, 21), (2, 4), [132, 64, 10, 1], 4, 64, 1], None]]]]
[1, 1, [256, 0, [512, 1, 64], [16, 128], [200, 10, 10, 1]], [25, [16, 128], [[[1, 0, (-39, 51), (0, -7), [75, 10, 10, 1], 64, 64, 1], None], [[0, 1, (-37, 25), (3, 4), [132, 64, 10, 1], 58, 64, 1], [[2, (-39, 51), 64, 138, 4]]]]]]
[1, 1, [256, 0, [512, 1, 64], [16, 128], [200, 10, 10, 1]], [26, [16, 128], [[[1, 0, (-39, 43), (0, -8), [75, 10, 10, 1], 54, 64, 1], None], [[0, 1, (-33, 29), (4, 4), [132, 64, 10, 1], 48, 64, 1], None]]]]
[1, 2, [256, 0, [512, 1, 64], [16, 128], [200, 10, 10, 1]], [27, [16, 128], [[[1, 0, (-40, 35), (-1, -8), [74, 10, 10, 1], 52, 64, 1], [[0, (1, -1)]]], [[0, 1, (-28, 33), (5, 4), [0, 0, 0, 0], 48, 64, 1], [[1, 355, 32]]]]]]
