join: [1, 0, [256, 0, [512, 1, 64], [16, 128], [446, 0, 0, 1]], []]
start: [1, 1, [256, 0, [512, 1, 64], [16, 128], [446, 0, 0, 1]], [0, [16, 128], [[[1, 0, [-48, -1], [0, 0], [446, 0, 0, 1], 0, 64, 1], []], [[0, 1, [48, 1], [0, 0], [446, 0, 0, 1], 0, 64, 1], []]]]]
commands: [1, 1, [256, 0, [512, 1, 64], [16, 128], [446, 0, 0, 1]], [1, [16, 128], [[[1, 0, [-47, -1], [1, 0], [446, 0, 0, 1], 0, 64, 1], []], [[0, 1, [47, 1], [-1, 0], [446, 0, 0, 1], 0, 64, 1], []]]]]
commands: [1, 1, [256, 0, [512, 1, 64], [16, 128], [446, 0, 0, 1]], [2, [16, 128], [[[1, 0, [-45, -1], [2, 0], [446, 0, 0, 1], 0, 64, 1], []], [[0, 1, [45, 1], [-2, 0], [446, 0, 0, 1], 0, 64, 1], []]]]]
commands: [1, 1, [256, 0, [512, 1, 64], [16, 128], [446, 0, 0, 1]], [3, [16, 128], [[[1, 0, [-42, -1], [3, 0], [446, 0, 0, 1], 0, 64, 1], []], [[0, 1, [42, 1], [-3, 0], [446, 0, 0, 1], 0, 64, 1], []]]]]
commands: [1, 1, [256, 0, [512, 1, 64], [16, 128], [446, 0, 0, 1]], [4, [16, 128], [[[1, 0, [-38, -1], [4, 0], [446, 0, 0, 1], 0, 64, 1], []], [[0, 1, [38, 1], [-4, 0], [446, 0, 0, 1], 0, 64, 1], []]]]]
commands: [1, 1, [256, 0, [512, 1, 64], [16, 128], [446, 0, 0, 1]], [5, [16, 128], [[[1, 0, [-33, -1], [5, 0], [446, 0, 0, 1], 0, 64, 1], []], [[0, 1, [33, 1], [-5, 0], [446, 0, 0, 1], 0, 64, 1], []]]]]
commands: [1, 1, [256, 0, [512, 1, 64], [16, 128], [446, 0, 0, 1]], [6, [16, 128], [[[1, 0, [-27, -1], [6, 0], [446, 0, 0, 1], 0, 64, 1], []], [[0, 1, [27, 1], [-6, 0], [446, 0, 0, 1], 0, 64, 1], []]]]]
commands: [1, 1, [256, 0, [512, 1, 64], [16, 128], [446, 0, 0, 1]], [7, [16, 128], [[[1, 0, [-20, -1], [7, 0], [446, 0, 0, 1], 0, 64, 1], []], [[0, 1, [20, 1], [-7, 0], [446, 0, 0, 1], 0, 64, 1], []]]]]
commands: [1, 2, [256, 0, [512, 1, 64], [16, 128], [446, 0, 0, 1]], [8, [16, 128], [[[1, 0, [-12, -1], [8, 0], [0, 0, 0, 0], 0, 64, 1], []], [[0, 1, [12, 1], [-8, 0], [0, 0, 0, 0], 0, 64, 1], []]]]]
