[1, 0, [256, 0, [512, 1, 64], [16, 128], [64, 48, 14, 1]], None]
[1, 1, [256, 0, [512, 1, 64], [16, 128], [64, 48, 14, 1]], [0, [16, 128], [[[1, 0, (-48, 11), (0, 0), [64, 48, 14, 1], 0, 64, 1], None], [[0, 1, (48, -11), (0, 0), [100, 10, 10, 1], 0, 64, 1], None]]]]
[1, 1, [256, 0, [512, 1, 64], [16, 128], [64, 48, 14, 1]], [1, [16, 128], [[[1, 0, (-47, 11), (1, 0), [64, 48, 14, 1], 34, 64, 1], [[2, (48, -11), 48, 0, 4]]], [[0, 1, (47, -11), (-1, 0), [100, 10, 10, 1], 0, 64, 1], None]]]]
[1, 1, [256, 0, [512, 1, 64], [16, 128], [64, 48, 14, 1]], [2, [16, 128], [[[1, 0, (-46, 12), (1, 1), [51, 48, 14, 1], 64, 64, 1], [[0, (1, -1)], [2, (46, -11), 48, 0, 4]]], [[0, 1, (46, -12), (-1, -1), [99, 10, 10, 1], 0, 64, 1], [[0, (-1, 1)]]]]]]
[1, 1, [256, 0, [512, 1, 64], [16, 128], [64, 48, 14, 1]], [3, [16, 128], [[[1, 0, (-45, 14), (1, 2), [8, 48, 14, 1], 64, 64, 1], [[0, (1, -1)], [2, (45, -13), 48, 0, 4]]], [[0, 1, (45, -14), (-1, -2), [98, 10, 10, 1], 0, 64, 1], [[0, (-1, 1)]]]]]]
[1, 1, [256, 0, [512, 1, 64], [16, 128], [64, 48, 14, 1]], [4, [16, 128], [[[1, 0, (-44, 17), (1, 3), [0, 13, 14, 1], 64, 64, 1], [[0, (1, -1)], [2, (44, -16), 48, 0, 4]]], [[0, 1, (44, -17), (-1, -3), [97, 10, 10, 1], 0, 64, 1], [[0, (-1, 1)]]]]]]
[1, 1, [256, 0, [512, 1, 64], [16, 128], [64, 48, 14, 1]], [5, [16, 128], [[[1, 0, (-42, 20), (2, 3), [0, 13, 14, 1], 63, 64, 1], [[2, (43, -20), 13, 0, 4]]], [[0, 1, (43, -21), (-1, -4), [96, 10, 10, 1], 0, 64, 1], [[0, (-1, 1)]]]]]]
[1, 1, [256, 0, [512, 1, 64], [16, 128], [64, 48, 14, 1]], [6, [16, 128], [[[1, 0, (-39, 23), (3, 3), [0, 13, 14, 1], 62, 64, 1], [[2, (42, -25), 13, 0, 4]]], [[0, 1, (42, -26), (-1, -5), [95, 10, 10, 1], 0, 64, 1], [[0, (-1, 1)]]]]]]
[1, 1, [256, 0, [512, 1, 64], [16, 128], [64, 48, 14, 1]], [7, [16, 128], [[[1, 0, (-35, 26), (4, 3), [0, 13, 14, 1], 61, 64, 1], [[2, (41, -31), 13, 0, 4]]], [[0, 1, (41, -32), (-1, -6), [94, 10, 10, 1], 0, 64, 1], [[0, (-1, 1)]]]]]]
[1, 1, [256, 0, [512, 1, 64], [16, 128], [64, 48, 14, 1]], [8, [16, 128], [[[1, 0, (-30, 29), (5, 3), [0, 13, 14, 1], 60, 64, 1], [[2, (40, -38), 13, 0, 4]]], [[0, 1, (40, -39), (-1, -7), [93, 10, 10, 1], 0, 64, 1], [[0, (-1, 1)]]]]]]
[1, 1, [256, 0, [512, 1, 64], [16, 128], [64, 48, 14, 1]], [9, [16, 128], [[[1, 0, (-24, 32), (6, 3), [0, 13, 14, 1], 59, 64, 1], [[2, (39, -46), 13, 0, 4]]], [[0, 1, (39, -47), (-1, -8), [92, 10, 10, 1], 0, 64, 1], [[0, (-1, 1)]]]]]]
[1, 1, [256, 0, [512, 1, 64], [16, 128], [64, 48, 14, 1]], [10, [16, 128], [[[1, 0, (-18, 34), (6, 2), [0, 13, 14, 1], 58, 64, 1], [[2, (38, -55), 13, 0, 4]]], [[0, 1, (39, -55), (0, -8), [91, 10, 10, 1], 0, 64, 1], [[0, (-1, 1)]]]]]]
[1, 1, [256, 0, [512, 1, 64], [16, 128], [64, 48, 14, 1]], [11, [16, 128], [[[1, 0, (-12, 35), (6, 1), [0, 13, 14, 1], 57, 64, 1], [[2, (39, -63), 13, 0, 4]]], [[0, 1, (39, -62), (0, -7), [91, 10, 10, 1], 0, 64, 1], None]]]]
