join: [1, 0, [256, 0, [512, 1, 64], [16, 128], [64, 48, 14, 1]], []]
start: [1, 1, [256, 0, [512, 1, 64], [16, 128], [64, 48, 14, 1]], [0, [16, 128], [[[1, 0, (-48, 19), (0, 0), [64, 48, 14, 1], 0, 64, 1], []], [[0, 1, (48, -19), (0, 0), [100, 10, 10, 1], 0, 64, 1], []]]]]
commands: [1, 1, [256, 0, [512, 1, 64], [16, 128], [64, 48, 14, 1]], [1, [16, 128], [[[1, 0, (-48, 18), (0, -1), [63, 48, 14, 1], 0, 64, 1], [[0, (1, 1)]]], [[0, 1, (47, -19), (-1, 0), [100, 10, 10, 1], 0, 64, 1], []]]]]
commands: [1, 1, [256, 0, [512, 1, 64], [16, 128], [64, 48, 14, 1]], [2, [16, 128], [[[1, 0, (-48, 16), (0, -2), [62, 48, 14, 1], 0, 64, 1], [[0, (1, 1)]]], [[0, 1, (46, -20), (-1, -1), [99, 10, 10, 1], 0, 64, 1], [[0, (-1, 1)]]]]]]
commands: [1, 1, [256, 0, [512, 1, 64], [16, 128], [64, 48, 14, 1]], [3, [16, 128], [[[1, 0, (-48, 13), (0, -3), [61, 48, 14, 1], 0, 64, 1], [[0, (1, 1)]]], [[0, 1, (45, -22), (-1, -2), [98, 10, 10, 1], 0, 64, 1], [[0, (-1, 1)]]]]]]
commands: [1, 1, [256, 0, [512, 1, 64], [16, 128], [64, 48, 14, 1]], [4, [16, 128], [[[1, 0, (-48, 9), (0, -4), [60, 48, 14, 1], 0, 64, 1], [[0, (1, 1)]]], [[0, 1, (44, -25), (-1, -3), [97, 10, 10, 1], 0, 64, 1], [[0, (-1, 1)]]]]]]
commands: [1, 1, [256, 0, [512, 1, 64], [16, 128], [64, 48, 14, 1]], [5, [16, 128], [[[1, 0, (-48, 4), (0, -5), [59, 48, 14, 1], 0, 64, 1], [[0, (1, 1)]]], [[0, 1, (43, -29), (-1, -4), [96, 10, 10, 1], 0, 64, 1], [[0, (-1, 1)]]]]]]
commands: [1, 1, [256, 0, [512, 1, 64], [16, 128], [64, 48, 14, 1]], [6, [16, 128], [[[1, 0, (-48, -2), (0, -6), [58, 48, 14, 1], 0, 64, 1], [[0, (1, 1)]]], [[0, 1, (42, -34), (-1, -5), [95, 10, 10, 1], 0, 64, 1], [[0, (-1, 1)]]]]]]
commands: [1, 1, [256, 0, [512, 1, 64], [16, 128], [64, 48, 14, 1]], [7, [16, 128], [[[1, 0, (-48, -9), (0, -7), [57, 48, 14, 1], 0, 64, 1], [[0, (1, 1)]]], [[0, 1, (41, -40), (-1, -6), [94, 10, 10, 1], 0, 64, 1], [[0, (-1, 1)]]]]]]
commands: [1, 1, [256, 0, [512, 1, 64], [16, 128], [64, 48, 14, 1]], [8, [16, 128], [[[1, 0, (-48, -17), (0, -8), [56, 48, 14, 1], 0, 64, 1], [[0, (1, 1)]]], [[0, 1, (40, -47), (-1, -7), [93, 10, 10, 1], 0, 64, 1], [[0, (-1, 1)]]]]]]
commands: [1, 1, [256, 0, [512, 1, 64], [16, 128], [64, 48, 14, 1]], [9, [16, 128], [[[1, 0, (-48, -26), (0, -9), [55, 48, 14, 1], 0, 64, 1], [[0, (1, 1)]]], [[0, 1, (40, -54), (0, -7), [92, 10, 10, 1], 0, 64, 1], [[0, (-1, 1)]]]]]]
commands: [1, 1, [256, 0, [512, 1, 64], [16, 128], [64, 48, 14, 1]], [10, [16, 128], [[[1, 0, (-48, -36), (0, -10), [54, 48, 14, 1], 0, 64, 1], [[0, (1, 1)]]], [[0, 1, (40, -60), (0, -6), [92, 10, 10, 1], 0, 64, 1], []]]]]
commands: [1, 1, [256, 0, [512, 1, 64], [16, 128], [64, 48, 14, 1]], [11, [16, 128], [[[1, 0, (-48, -47), (0, -11), [53, 48, 14, 1], 0, 64, 1], [[0, (1, 1)]]], [[0, 1, (40, -65), (0, -5), [92, 10, 10, 1], 0, 64, 1], []]]]]
commands: [1, 1, [256, 0, [512, 1, 64], [16, 128], [64, 48, 14, 1]], [12, [16, 128], [[[1, 0, (-48, -59), (0, -12), [52, 48, 14, 1], 0, 64, 1], [[0, (1, 1)]]], [[0, 1, (40, -69), (0, -4), [92, 10, 10, 1], 0, 64, 1], []]]]]
commands: [1, 1, [256, 0, [512, 1, 64], [16, 128], [64, 48, 14, 1]], [13, [16, 128], [[[1, 0, (-49, -71), (-1, -12), [51, 48, 14, 1], 0, 64, 1], [[0, (1, 1)]]], [[0, 1, (40, -72), (0, -3), [92, 10, 10, 1], 0, 64, 1], []]]]]
commands: [1, 1, [256, 0, [512, 1, 64], [16, 128], [64, 48, 14, 1]], [14, [16, 128], [[[1, 0, (-51, -83), (-2, -12), [50, 48, 14, 1], 0, 64, 1], [[0, (1, 1)]]], [[0, 1, (40, -74), (0, -2), [92, 10, 10, 1], 0, 64, 1], []]]]]
commands: [1, 1, [256, 0, [512, 1, 64], [16, 128], [64, 48, 14, 1]], [15, [16, 128], [[[1, 0, (-54, -95), (-3, -12), [49, 48, 14, 1], 0, 64, 1], [[0, (1, 1)]]], [[0, 1, (40, -75), (0, -1), [92, 10, 10, 1], 0, 64, 1], []]]]]
commands: [1, 1, [256, 0, [512, 1, 64], [16, 128], [64, 48, 14, 1]], [16, [16, 128], [[[1, 0, (-58, -107), (-4, -12), [48, 48, 14, 1], 0, 64, 1], [[0, (1, 1)]]], [[0, 1, (40, -75), (0, 0), [92, 10, 10, 1], 0, 64, 1], []]]]]
commands: [1, 1, [256, 0, [512, 1, 64], [16, 128], [64, 48, 14, 1]], [17, [16, 128], [[[1, 0, (-63, -119), (-5, -12), [47, 48, 14, 1], 0, 64, 1], [[0, (1, 1)]]], [[0, 1, (40, -74), (0, 1), [92, 10, 10, 1], 0, 64, 1], []]]]]
commands: [1, 1, [256, 0, [512, 1, 64], [16, 128], [64, 48, 14, 1]], [18, [16, 128], [[[1, 0, (-69, -131), (-6, -12), [43, 48, 14, 1], 0, 64, 1], [[0, (1, 1)]]], [[0, 1, (40, -72), (0, 2), [92, 10, 10, 1], 0, 64, 1], []]]]]
commands: [1, 1, [256, 0, [512, 1, 64], [16, 128], [64, 48, 14, 1]], [19, [16, 128], [[[1, 0, (-76, -143), (-7, -12), [27, 48, 14, 1], 0, 64, 1], [[0, (1, 1)]]], [[0, 1, (40, -69), (0, 3), [92, 10, 10, 1], 0, 64, 1], []]]]]
commands: [1, 1, [256, 0, [512, 1, 64], [16, 128], [64, 48, 14, 1]], [20, [16, 128], [[[1, 0, (-84, -155), (-8, -12), [0, 47, 14, 1], 0, 64, 1], [[0, (1, 1)]]], [[0, 1, (40, -65), (0, 4), [92, 10, 10, 1], 0, 64, 1], []]]]]
commands: [1, 1, [256, 0, [512, 1, 64], [16, 128], [64, 48, 14, 1]], [21, [16, 128], [[[1, 0, (-92, -166), (-8, -11), [0, 9, 14, 1], 0, 64, 1], []], [[0, 1, (40, -60), (0, 5), [92, 10, 10, 1], 0, 64, 1], []]]]]
