[1, 0, [256, 0, [512, 1, 64], [16, 128], [200, 10, 10, 1]], None]
[1, 1, [256, 0, [512, 1, 64], [16, 128], [200, 10, 10, 1]], [0, [16, 128], [[[1, 0, (13, 48), (0, 0), [200, 10, 10, 1], 0, 64, 1], None], [[0, 1, (-13, -48), (0, 0), [200, 10, 10, 1], 0, 64, 1], None]]]]
[1, 1, [256, 0, [512, 1, 64], [16, 128], [200, 10, 10, 1]], [1, [16, 128], [[[1, 0, (13, 47), (0, -1), [200, 10, 10, 1], 0, 64, 1], None], [[0, 1, (-13, -47), (0, 1), [200, 10, 10, 1], 0, 64, 1], None]]]]
[1, 1, [256, 0, [512, 1, 64], [16, 128], [200, 10, 10, 1]], [2, [16, 128], [[[1, 0, (14, 46), (1, -1), [199, 10, 10, 1], 0, 64, 1], [[0, (-1, -1)]]], [[0, 1, (-14, -46), (-1, 1), [199, 10, 10, 1], 0, 64, 1], [[0, (1, 1)]]]]]]
[1, 1, [256, 0, [512, 1, 64], [16, 128], [200, 10, 10, 1]], [3, [16, 128], [[[1, 0, (16, 45), (2, -1), [198, 10, 10, 1], 0, 64, 1], [[0, (-1, -1)]]], [[0, 1, (-16, -45), (-2, 1), [198, 10, 10, 1], 0, 64, 1], [[0, (1, 1)]]]]]]
[1, 1, [256, 0, [512, 1, 64], [16, 128], [200, 10, 10, 1]], [4, [16, 128], [[[1, 0, (19, 44), (3, -1), [197, 10, 10, 1], 0, 64, 1], [[0, (-1, -1)]]], [[0, 1, (-19, -44), (-3, 1), [197, 10, 10, 1], 0, 64, 1], [[0, (1, 1)]]]]]]
[1, 1, [256, 0, [512, 1, 64], [16, 128], [200, 10, 10, 1]], [5, [16, 128], [[[1, 0, (23, 43), (4, -1), [196, 10, 10, 1], 0, 64, 1], [[0, (-1, -1)]]], [[0, 1, (-23, -43), (-4, 1), [196, 10, 10, 1], 0, 64, 1], [[0, (1, 1)]]]]]]
[1, 1, [256, 0, [512, 1, 64], [16, 128], [200, 10, 10, 1]], [6, [16, 128], [[[1, 0, (28, 42), (5, -1), [195, 10, 10, 1], 0, 64, 1], [[0, (-1, -1)]]], [[0, 1, (-28, -42), (-5, 1), [195, 10, 10, 1], 0, 64, 1], [[0, (1, 1)]]]]]]
[1, 1, [256, 0, [512, 1, 64], [16, 128], [200, 10, 10, 1]], [7, [16, 128], [[[1, 0, (34, 41), (6, -1), [194, 10, 10, 1], 0, 64, 1], [[0, (-1, -1)]]], [[0, 1, (-34, -41), (-6, 1), [194, 10, 10, 1], 0, 64, 1], [[0, (1, 1)]]]]]]
[1, 1, [256, 0, [512, 1, 64], [16, 128], [200, 10, 10, 1]], [8, [16, 128], [[[1, 0, (41, 40), (7, -1), [193, 10, 10, 1], 0, 64, 1], [[0, (-1, -1)]]], [[0, 1, (-41, -40), (-7, 1), [193, 10, 10, 1], 0, 64, 1], [[0, (1, 1)]]]]]]
[1, 1, [256, 0, [512, 1, 64], [16, 128], [200, 10, 10, 1]], [9, [16, 128], [[[1, 0, (48, 40), (7, 0), [192, 10, 10, 1], 0, 64, 1], [[0, (-1, -1)]]], [[0, 1, (-48, -40), (-7, 0), [192, 10, 10, 1], 0, 64, 1], [[0, (1, 1)]]]]]]
[1, 1, [256, 0, [512, 1, 64], [16, 128], [200, 10, 10, 1]], [10, [16, 128], [[[1, 0, (54, 40), (6, 0), [192, 10, 10, 1], 0, 64, 1], None], [[0, 1, (-54, -40), (-6, 0), [192, 10, 10, 1], 0, 64, 1], None]]]]
[1, 1, [256, 0, [512, 1, 64], [16, 128], [200, 10, 10, 1]], [11, [16, 128], [[[1, 0, (59, 40), (5, 0), [192, 10, 10, 1], 0, 64, 1], None], [[0, 1, (-59, -40), (-5, 0), [192, 10, 10, 1], 0, 64, 1], None]]]]
[1, 1, [256, 0, [512, 1, 64], [16, 128], [200, 10, 10, 1]], [12, [16, 128], [[[1, 0, (63, 40), (4, 0), [192, 10, 10, 1], 0, 64, 1], None], [[0, 1, (-63, -40), (-4, 0), [192, 10, 10, 1], 0, 64, 1], None]]]]
[1, 1, [256, 0, [512, 1, 64], [16, 128], [200, 10, 10, 1]], [13, [16, 128], [[[1, 0, (66, 40), (3, 0), [192, 10, 10, 1], 0, 64, 1], None], [[0, 1, (-66, -40), (-3, 0), [192, 10, 10, 1], 0, 64, 1], None]]]]
[1, 1, [256, 0, [512, 1, 64], [16, 128], [200, 10, 10, 1]], [14, [16, 128], [[[1, 0, (68, 40), (2, 0), [192, 10, 10, 1], 0, 64, 1], None], [[0, 1, (-68, -40), (-2, 0), [192, 10, 10, 1], 0, 64, 1], None]]]]
[1, 1, [256, 0, [512, 1, 64], [16, 128], [200, 10, 10, 1]], [15, [16, 128], [[[1, 0, (69, 40), (1, 0), [192, 10, 10, 1], 0, 64, 1], None], [[0, 1, (-69, -40), (-1, 0), [192, 10, 10, 1], 0, 64, 1], None]]]]
[1, 1, [256, 0, [512, 1, 64], [16, 128], [200, 10, 10, 1]], [16, [16, 128], [[[1, 0, (69, 40), (0, 0), [192, 10, 10, 1], 0, 64, 1], None], [[0, 1, (-69, -40), (0, 0), [192, 10, 10, 1], 0, 64, 1], None]]]]
[1, 1, [256, 0, [512, 1, 64], [16, 128], [200, 10, 10, 1]], [17, [16, 128], [[[1, 0, (68, 40), (-1, 0), [192, 10, 10, 1], 0, 64, 1], None], [[0, 1, (-68, -40), (1, 0), [192, 10, 10, 1], 0, 64, 1], None]]]]
[1, 1, [256, 0, [512, 1, 64], [16, 128], [200, 10, 10, 1]], [18, [16, 128], [[[1, 0, (66, 40), (-2, 0), [192, 10, 10, 1], 0, 64, 1], None], [[0, 1, (-66, -40), (2, 0), [192, 10, 10, 1], 0, 64, 1], None]]]]
[1, 1, [256, 0, [512, 1, 64], [16, 128], [200, 10, 10, 1]], [19, [16, 128], [[[1, 0, (63, 40), (-3, 0), [192, 10, 10, 1], 0, 64, 1], None], [[0, 1, (-63, -40), (3, 0), [192, 10, 10, 1], 0, 64, 1], None]]]]
[1, 1, [256, 0, [512, 1, 64], [16, 128], [200, 10, 10, 1]], [20, [16, 128], [[[1, 0, (59, 40), (-4, 0), [192, 10, 10, 1], 0, 64, 1], None], [[0, 1, (-59, -40), (4, 0), [192, 10, 10, 1], 0, 64, 1], None]]]]
[1, 1, [256, 0, [512, 1, 64], [16, 128], [200, 10, 10, 1]], [21, [16, 128], [[[1, 0, (54, 40), (-5, 0), [192, 10, 10, 1], 0, 64, 1], None], [[0, 1, (-54, -40), (5, 0), [192, 10, 10, 1], 0, 64, 1], None]]]]
[1, 1, [256, 0, [512, 1, 64], [16, 128], [200, 10, 10, 1]], [22, [16, 128], [[[1, 0, (48, 40), (-6, 0), [192, 10, 10, 1], 0, 64, 1], None], [[0, 1, (-48, -40), (6, 0), [192, 10, 10, 1], 0, 64, 1], None]]]]
[1, 1, [256, 0, [512, 1, 64], [16, 128], [200, 10, 10, 1]], [23, [16, 128], [[[1, 0, (41, 40), (-7, 0), [192, 10, 10, 1], 0, 64, 1], None], [[0, 1, (-41, -40), (7, 0), [192, 10, 10, 1], 0, 64, 1], None]]]]
[1, 1, [256, 0, [512, 1, 64], [16, 128], [200, 10, 10, 1]], [24, [16, 128], [[[1, 0, (34, 41), (-7, 1), [191, 10, 10, 1], 0, 64, 1], [[0, (-1, -1)]]], [[0, 1, (-34, -41), (7, -1), [191, 10, 10, 1], 0, 64, 1], [[0, (1, 1)]]]]]]
[1, 1, [256, 0, [512, 1, 64], [16, 128], [200, 10, 10, 1]], [25, [16, 128], [[[1, 0, (28, 42), (-6, 1), [190, 10, 10, 1], 0, 64, 1], [[0, (-1, -1)]]], [[0, 1, (-28, -42), (6, -1), [190, 10, 10, 1], 0, 64, 1], [[0, (1, 1)]]]]]]
[1, 1, [256, 0, [512, 1, 64], [16, 128], [200, 10, 10, 1]], [26, [16, 128], [[[1, 0, (23, 43), (-5, 1), [189, 10, 10, 1], 0, 64, 1], [[0, (-1, -1)]]], [[0, 1, (-23, -43), (5, -1), [189, 10, 10, 1], 0, 64, 1], [[0, (1, 1)]]]]]]
[1, 1, [256, 0, [512, 1, 64], [16, 128], [200, 10, 10, 1]], [27, [16, 128], [[[1, 0, (19, 44), (-4, 1), [188, 10, 10, 1], 0, 64, 1], [[0, (-1, -1)]]], [[0, 1, (-19, -44), (4, -1), [188, 10, 10, 1], 0, 64, 1], [[0, (1, 1)]]]]]]
[1, 1, [256, 0, [512, 1, 64], [16, 128], [200, 10, 10, 1]], [28, [16, 128], [[[1, 0, (16, 45), (-3, 1), [187, 10, 10, 1], 0, 64, 1], [[0, (-1, -1)]]], [[0, 1, (-16, -45), (3, -1), [187, 10, 10, 1], 0, 64, 1], [[0, (1, 1)]]]]]]
[1, 1, [256, 0, [512, 1, 64], [16, 128], [200, 10, 10, 1]], [29, [16, 128], [[[1, 0, (14, 46), (-2, 1), [186, 10, 10, 1], 0, 64, 1], [[0, (-1, -1)]]], [[0, 1, (-14, -46), (2, -1), [186, 10, 10, 1], 0, 64, 1], [[0, (1, 1)]]]]]]
[1, 1, [256, 0, [512, 1, 64], [16, 128], [200, 10, 10, 1]], [30, [16, 128], [[[1, 0, (13, 47), (-1, 1), [185, 10, 10, 1], 0, 64, 1], [[0, (-1, -1)]]], [[0, 1, (-13, -47), (1, -1), [185, 10, 10, 1], 0, 64, 1], [[0, (1, 1)]]]]]]
[1, 1, [256, 0, [512, 1, 64], [16, 128], [200, 10, 10, 1]], [31, [16, 128], [[[1, 0, (13, 48), (0, 1), [184, 10, 10, 1], 0, 64, 1], [[0, (-1, -1)]]], [[0, 1, (-13, -48), (0, -1), [184, 10, 10, 1], 0, 64, 1], [[0, (1, 1)]]]]]]
[1, 1, [256, 0, [512, 1, 64], [16, 128], [200, 10, 10, 1]], [32, [16, 128], [[[1, 0, (13, 48), (0, 0), [184, 10, 10, 1], 0, 64, 1], None], [[0, 1, (-13, -48), (0, 0), [184, 10, 10, 1], 0, 64, 1], None]]]]
[1, 1, [256, 0, [512, 1, 64], [16, 128], [200, 10, 10, 1]], [33, [16, 128], [[[1, 0, (13, 47), (0, -1), [184, 10, 10, 1], 0, 64, 1], None], [[0, 1, (-13, -47), (0, 1), [184, 10, 10, 1], 0, 64, 1], None]]]]
[1, 1, [256, 0, [512, 1, 64], [16, 128], [200, 10, 10, 1]], [34, [16, 128], [[[1, 0, (14, 46), (1, -1), [183, 10, 10, 1], 0, 64, 1], [[0, (-1, -1)]]], [[0, 1, (-14, -46), (-1, 1), [183, 10, 10, 1], 0, 64, 1], [[0, (1, 1)]]]]]]
[1, 1, [256, 0, [512, 1, 64], [16, 128], [200, 10, 10, 1]], [35, [16, 128], [[[1, 0, (16, 45), (2, -1), [182, 10, 10, 1], 0, 64, 1], [[0, (-1, -1)]]], [[0, 1, (-16, -45), (-2, 1), [182, 10, 10, 1], 0, 64, 1], [[0, (1, 1)]]]]]]
[1, 1, [256, 0, [512, 1, 64], [16, 128], [200, 10, 10, 1]], [36, [16, 128], [[[1, 0, (19, 44), (3, -1), [181, 10, 10, 1], 0, 64, 1], [[0, (-1, -1)]]], [[0, 1, (-19, -44), (-3, 1), [181, 10, 10, 1], 0, 64, 1], [[0, (1, 1)]]]]]]
[1, 1, [256, 0, [512, 1, 64], [16, 128], [200, 10, 10, 1]], [37, [16, 128], [[[1, 0, (23, 43), (4, -1), [180, 10, 10, 1], 0, 64, 1], [[0, (-1, -1)]]], [[0, 1, (-23, -43), (-4, 1), [180, 10, 10, 1], 0, 64, 1], [[0, (1, 1)]]]]]]
[1, 1, [256, 0, [512, 1, 64], [16, 128], [200, 10, 10, 1]], [38, [16, 128], [[[1, 0, (28, 42), (5, -1), [179, 10, 10, 1], 0, 64, 1], [[0, (-1, -1)]]], [[0, 1, (-28, -42), (-5, 1), [179, 10, 10, 1], 0, 64, 1], [[0, (1, 1)]]]]]]
[1, 1, [256, 0, [512, 1, 64], [16, 128], [200, 10, 10, 1]], [39, [16, 128], [[[1, 0, (34, 41), (6, -1), [178, 10, 10, 1], 0, 64, 1], [[0, (-1, -1)]]], [[0, 1, (-34, -41), (-6, 1), [178, 10, 10, 1], 0, 64, 1], [[0, (1, 1)]]]]]]
[1, 1, [256, 0, [512, 1, 64], [16, 128], [200, 10, 10, 1]], [40, [16, 128], [[[1, 0, (41, 40), (7, -1), [177, 10, 10, 1], 0, 64, 1], [[0, (-1, -1)]]], [[0, 1, (-41, -40), (-7, 1), [177, 10, 10, 1], 0, 64, 1], [[0, (1, 1)]]]]]]
[1, 1, [256, 0, [512, 1, 64], [16, 128], [200, 10, 10, 1]], [41, [16, 128], [[[1, 0, (48, 40), (7, 0), [176, 10, 10, 1], 0, 64, 1], [[0, (-1, -1)]]], [[0, 1, (-48, -40), (-7, 0), [176, 10, 10, 1], 0, 64, 1], [[0, (1, 1)]]]]]]
[1, 1, [256, 0, [512, 1, 64], [16, 128], [200, 10, 10, 1]], [42, [16, 128], [[[1, 0, (54, 40), (6, 0), [176, 10, 10, 1], 0, 64, 1], None], [[0, 1, (-54, -40), (-6, 0), [176, 10, 10, 1], 0, 64, 1], None]]]]
[1, 1, [256, 0, [512, 1, 64], [16, 128], [200, 10, 10, 1]], [43, [16, 128], [[[1, 0, (59, 40), (5, 0), [176, 10, 10, 1], 0, 64, 1], None], [[0, 1, (-59, -40), (-5, 0), [176, 10, 10, 1], 0, 64, 1], None]]]]
[1, 1, [256, 0, [512, 1, 64], [16, 128], [200, 10, 10, 1]], [44, [16, 128], [[[1, 0, (63, 40), (4, 0), [176, 10, 10, 1], 0, 64, 1], None], [[0, 1, (-63, -40), (-4, 0), [176, 10, 10, 1], 0, 64, 1], None]]]]
[1, 1, [256, 0, [512, 1, 64], [16, 128], [200, 10, 10, 1]], [45, [16, 128], [[[1, 0, (66, 40), (3, 0), [176, 10, 10, 1], 0, 64, 1], None], [[0, 1, (-66, -40), (-3, 0), [176, 10, 10, 1], 0, 64, 1], None]]]]
[1, 1, [256, 0, [512, 1, 64], [16, 128], [200, 10, 10, 1]], [46, [16, 128], [[[1, 0, (68, 40), (2, 0), [176, 10, 10, 1], 0, 64, 1], None], [[0, 1, (-68, -40), (-2, 0), [176, 10, 10, 1], 0, 64, 1], None]]]]
[1, 1, [256, 0, [512, 1, 64], [16, 128], [200, 10, 10, 1]], [47, [16, 128], [[[1, 0, (69, 40), (1, 0), [176, 10, 10, 1], 0, 64, 1], None], [[0, 1, (-69, -40), (-1, 0), [176, 10, 10, 1], 0, 64, 1], None]]]]
[1, 1, [256, 0, [512, 1, 64], [16, 128], [200, 10, 10, 1]], [48, [16, 128], [[[1, 0, (69, 40), (0, 0), [176, 10, 10, 1], 0, 64, 1], None], [[0, 1, (-69, -40), (0, 0), [176, 10, 10, 1], 0, 64, 1], None]]]]
[1, 1, [256, 0, [512, 1, 64], [16, 128], [200, 10, 10, 1]], [49, [16, 128], [[[1, 0, (68, 40), (-1, 0), [176, 10, 10, 1], 0, 64, 1], None], [[0, 1, (-68, -40), (1, 0), [176, 10, 10, 1], 0, 64, 1], None]]]]
[1, 1, [256, 0, [512, 1, 64], [16, 128], [200, 10, 10, 1]], [50, [16, 128], [[[1, 0, (66, 40), (-2, 0), [176, 10, 10, 1], 0, 64, 1], None], [[0, 1, (-66, -40), (2, 0), [176, 10, 10, 1], 0, 64, 1], None]]]]
[1, 1, [256, 0, [512, 1, 64], [16, 128], [200, 10, 10, 1]], [51, [16, 128], [[[1, 0, (63, 40), (-3, 0), [176, 10, 10, 1], 0, 64, 1], None], [[0, 1, (-63, -40), (3, 0), [176, 10, 10, 1], 0, 64, 1], None]]]]
[1, 1, [256, 0, [512, 1, 64], [16, 128], [200, 10, 10, 1]], [52, [16, 128], [[[1, 0, (59, 40), (-4, 0), [176, 10, 10, 1], 0, 64, 1], None], [[0, 1, (-59, -40), (4, 0), [176, 10, 10, 1], 0, 64, 1], None]]]]
[1, 1, [256, 0, [512, 1, 64], [16, 128], [200, 10, 10, 1]], [53, [16, 128], [[[1, 0, (54, 40), (-5, 0), [176, 10, 10, 1], 0, 64, 1], None], [[0, 1, (-54, -40), (5, 0), [176, 10, 10, 1], 0, 64, 1], None]]]]
[1, 1, [256, 0, [512, 1, 64], [16, 128], [200, 10, 10, 1]], [54, [16, 128], [[[1, 0, (48, 40), (-6, 0), [176, 10, 10, 1], 0, 64, 1], None], [[0, 1, (-48, -40), (6, 0), [176, 10, 10, 1], 0, 64, 1], None]]]]
[1, 1, [256, 0, [512, 1, 64], [16, 128], [200, 10, 10, 1]], [55, [16, 128], [[[1, 0, (41, 40), (-7, 0), [176, 10, 10, 1], 0, 64, 1], None], [[0, 1, (-41, -40), (7, 0), [176, 10, 10, 1], 0, 64, 1], None]]]]
[1, 1, [256, 0, [512, 1, 64], [16, 128], [200, 10, 10, 1]], [56, [16, 128], [[[1, 0, (34, 41), (-7, 1), [175, 10, 10, 1], 0, 64, 1], [[0, (-1, -1)]]], [[0, 1, (-34, -41), (7, -1), [175, 10, 10, 1], 0, 64, 1], [[0, (1, 1)]]]]]]
[1, 1, [256, 0, [512, 1, 64], [16, 128], [200, 10, 10, 1]], [57, [16, 128], [[[1, 0, (28, 42), (-6, 1), [174, 10, 10, 1], 0, 64, 1], [[0, (-1, -1)]]], [[0, 1, (-28, -42), (6, -1), [174, 10, 10, 1], 0, 64, 1], [[0, (1, 1)]]]]]]
[1, 1, [256, 0, [512, 1, 64], [16, 128], [200, 10, 10, 1]], [58, [16, 128], [[[1, 0, (23, 43), (-5, 1), [173, 10, 10, 1], 0, 64, 1], [[0, (-1, -1)]]], [[0, 1, (-23, -43), (5, -1), [173, 10, 10, 1], 0, 64, 1], [[0, (1, 1)]]]]]]
[1, 1, [256, 0, [512, 1, 64], [16, 128], [200, 10, 10, 1]], [59, [16, 128], [[[1, 0, (19, 44), (-4, 1), [172, 10, 10, 1], 0, 64, 1], [[0, (-1, -1)]]], [[0, 1, (-19, -44), (4, -1), [172, 10, 10, 1], 0, 64, 1], [[0, (1, 1)]]]]]]
[1, 1, [256, 0, [512, 1, 64], [16, 128], [200, 10, 10, 1]], [60, [16, 128], [[[1, 0, (16, 45), (-3, 1), [171, 10, 10, 1], 0, 64, 1], [[0, (-1, -1)]]], [[0, 1, (-16, -45), (3, -1), [171, 10, 10, 1], 0, 64, 1], [[0, (1, 1)]]]]]]
[1, 1, [256, 0, [512, 1, 64], [16, 128], [200, 10, 10, 1]], [61, [16, 128], [[[1, 0, (14, 46), (-2, 1), [170, 10, 10, 1], 0, 64, 1], [[0, (-1, -1)]]], [[0, 1, (-14, -46), (2, -1), [170, 10, 10, 1], 0, 64, 1], [[0, (1, 1)]]]]]]
[1, 1, [256, 0, [512, 1, 64], [16, 128], [200, 10, 10, 1]], [62, [16, 128], [[[1, 0, (13, 47), (-1, 1), [169, 10, 10, 1], 0, 64, 1], [[0, (-1, -1)]]], [[0, 1, (-13, -47), (1, -1), [169, 10, 10, 1], 0, 64, 1], [[0, (1, 1)]]]]]]
[1, 1, [256, 0, [512, 1, 64], [16, 128], [200, 10, 10, 1]], [63, [16, 128], [[[1, 0, (13, 48), (0, 1), [168, 10, 10, 1], 0, 64, 1], [[0, (-1, -1)]]], [[0, 1, (-13, -48), (0, -1), [168, 10, 10, 1], 0, 64, 1], [[0, (1, 1)]]]]]]
[1, 1, [256, 0, [512, 1, 64], [16, 128], [200, 10, 10, 1]], [64, [16, 128], [[[1, 0, (13, 48), (0, 0), [168, 10, 10, 1], 0, 64, 1], None], [[0, 1, (-13, -48), (0, 0), [168, 10, 10, 1], 0, 64, 1], None]]]]
[1, 1, [256, 0, [512, 1, 64], [16, 128], [200, 10, 10, 1]], [65, [16, 128], [[[1, 0, (13, 47), (0, -1), [168, 10, 10, 1], 0, 64, 1], None], [[0, 1, (-13, -47), (0, 1), [168, 10, 10, 1], 0, 64, 1], None]]]]
[1, 1, [256, 0, [512, 1, 64], [16, 128], [200, 10, 10, 1]], [66, [16, 128], [[[1, 0, (14, 46), (1, -1), [167, 10, 10, 1], 0, 64, 1], [[0, (-1, -1)]]], [[0, 1, (-14, -46), (-1, 1), [167, 10, 10, 1], 0, 64, 1], [[0, (1, 1)]]]]]]
[1, 1, [256, 0, [512, 1, 64], [16, 128], [200, 10, 10, 1]], [67, [16, 128], [[[1, 0, (16, 45), (2, -1), [166, 10, 10, 1], 0, 64, 1], [[0, (-1, -1)]]], [[0, 1, (-16, -45), (-2, 1), [166, 10, 10, 1], 0, 64, 1], [[0, (1, 1)]]]]]]
[1, 1, [256, 0, [512, 1, 64], [16, 128], [200, 10, 10, 1]], [68, [16, 128], [[[1, 0, (19, 44), (3, -1), [165, 10, 10, 1], 0, 64, 1], [[0, (-1, -1)]]], [[0, 1, (-19, -44), (-3, 1), [165, 10, 10, 1], 0, 64, 1], [[0, (1, 1)]]]]]]
[1, 1, [256, 0, [512, 1, 64], [16, 128], [200, 10, 10, 1]], [69, [16, 128], [[[1, 0, (23, 43), (4, -1), [164, 10, 10, 1], 0, 64, 1], [[0, (-1, -1)]]], [[0, 1, (-23, -43), (-4, 1), [164, 10, 10, 1], 0, 64, 1], [[0, (1, 1)]]]]]]
[1, 1, [256, 0, [512, 1, 64], [16, 128], [200, 10, 10, 1]], [70, [16, 128], [[[1, 0, (28, 42), (5, -1), [163, 10, 10, 1], 0, 64, 1], [[0, (-1, -1)]]], [[0, 1, (-28, -42), (-5, 1), [163, 10, 10, 1], 0, 64, 1], [[0, (1, 1)]]]]]]
[1, 1, [256, 0, [512, 1, 64], [16, 128], [200, 10, 10, 1]], [71, [16, 128], [[[1, 0, (34, 41), (6, -1), [162, 10, 10, 1], 0, 64, 1], [[0, (-1, -1)]]], [[0, 1, (-34, -41), (-6, 1), [162, 10, 10, 1], 0, 64, 1], [[0, (1, 1)]]]]]]
