[1, 0, [256, 0, [512, 1, 64], [16, 128], [200, 10, 10, 1]], None]
[1, 1, [256, 0, [512, 1, 64], [16, 128], [200, 10, 10, 1]], [0, [16, 128], [[[1, 0, (37, -48), (0, 0), [200, 10, 10, 1], 0, 64, 1], None], [[0, 1, (-37, 48), (0, 0), [200, 10, 10, 1], 0, 64, 1], None]]]]
[1, 1, [256, 0, [512, 1, 64], [16, 128], [200, 10, 10, 1]], [1, [16, 128], [[[1, 0, (37, -47), (0, 1), [200, 10, 10, 1], 0, 64, 1], None], [[0, 1, (-37, 47), (0, -1), [200, 10, 10, 1], 0, 64, 1], None]]]]
[1, 1, [256, 0, [512, 1, 64], [16, 128], [200, 10, 10, 1]], [2, [16, 128], [[[1, 0, (38, -46), (1, 1), [199, 10, 10, 1], 0, 64, 1], [[0, (-1, 1)]]], [[0, 1, (-37, 45), (0, -2), [200, 10, 10, 1], 0, 64, 1], None]]]]
[1, 1, [256, 0, [512, 1, 64], [16, 128], [200, 10, 10, 1]], [3, [16, 128], [[[1, 0, (40, -45), (2, 1), [198, 10, 10, 1], 0, 64, 1], [[0, (-1, 1)]]], [[0, 1, (-37, 42), (0, -3), [200, 10, 10, 1], 0, 64, 1], None]]]]
[1, 1, [256, 0, [512, 1, 64], [16, 128], [200, 10, 10, 1]], [4, [16, 128], [[[1, 0, (43, -44), (3, 1), [197, 10, 10, 1], 0, 64, 1], [[0, (-1, 1)]]], [[0, 1, (-37, 38), (0, -4), [200, 10, 10, 1], 0, 64, 1], None]]]]
[1, 1, [256, 0, [512, 1, 64], [16, 128], [200, 10, 10, 1]], [5, [16, 128], [[[1, 0, (47, -43), (4, 1), [196, 10, 10, 1], 0, 64, 1], [[0, (-1, 1)]]], [[0, 1, (-37, 33), (0, -5), [200, 10, 10, 1], 0, 64, 1], None]]]]
[1, 1, [256, 0, [512, 1, 64], [16, 128], [200, 10, 10, 1]], [6, [16, 128], [[[1, 0, (51, -43), (4, 0), [195, 10, 10, 1], 0, 64, 1], [[0, (-1, 1)]]], [[0, 1, (-36, 28), (1, -5), [200, 10, 10, 1], 0, 64, 1], None]]]]
[1, 1, [256, 0, [512, 1, 64], [16, 128], [200, 10, 10, 1]], [7, [16, 128], [[[1, 0, (54, -43), (3, 0), [195, 10, 10, 1], 0, 64, 1], None], [[0, 1, (-34, 23), (2, -5), [200, 10, 10, 1], 0, 64, 1], None]]]]
[1, 1, [256, 0, [512, 1, 64], [16, 128], [200, 10, 10, 1]], [8, [16, 128], [[[1, 0, (56, -43), (2, 0), [195, 10, 10, 1], 0, 64, 1], None], [[0, 1, (-31, 18), (3, -5), [200, 10, 10, 1], 0, 64, 1], None]]]]
[1, 1, [256, 0, [512, 1, 64], [16, 128], [200, 10, 10, 1]], [9, [16, 128], [[[1, 0, (57, -43), (1, 0), [195, 10, 10, 1], 0, 64, 1], None], [[0, 1, (-27, 13), (4, -5), [200, 10, 10, 1], 0, 64, 1], None]]]]
[1, 1, [256, 0, [512, 1, 64], [16, 128], [200, 10, 10, 1]], [10, [16, 128], [[[1, 0, (57, -43), (0, 0), [195, 10, 10, 1], 0, 64, 1], None], [[0, 1, (-22, 8), (5, -5), [200, 10, 10, 1], 0, 64, 1], None]]]]
[1, 2, [256, 0, [512, 1, 64], [16, 128], [200, 10, 10, 1]], [11, [16, 128], [[[1, 0, (56, -43), (-1, 0), [195, 10, 10, 1], 0, 64, 1], None], [[0, 1, (-16, 3), (6, -5), [0, 0, 0, 0], 0, 64, 1], None]]]]
