join: [1, 0, [256, 0, [512, 1, 64], [16, 128], [64, 48, 14, 1]], None]
start: [1, 1, [256, 0, [512, 1, 64], [16, 128], [64, 48, 14, 1]], [0, [16, 128], [[[1, 0, (-24, -48), (0, 0), [64, 48, 14, 1], 0, 64, 1], None], [[0, 1, (24, 48), (0, 0), [100, 10, 10, 1], 0, 64, 1], None]]]]
commands: [1, 1, [256, 0, [512, 1, 64], [16, 128], [64, 48, 14, 1]], [1, [16, 128], [[[1, 0, (-24, -47), (0, 1), [64, 48, 14, 1], 34, 64, 1], [[2, (48, 0), 48, 0, 4]]], [[0, 1, (24, 47), (0, -1), [100, 10, 10, 1], 0, 64, 1], None]]]]
commands: [1, 1, [256, 0, [512, 1, 64], [16, 128], [64, 48, 14, 1]], [2, [16, 128], [[[1, 0, (-24, -45), (0, 2), [60, 48, 14, 1], 64, 64, 1], [[2, (48, 0), 48, 0, 4]]], [[0, 1, (25, 46), (1, -1), [99, 10, 10, 1], 0, 64, 1], [[0, (-1, -1)]]]]]]
commands: [1, 1, [256, 0, [512, 1, 64], [16, 128], [64, 48, 14, 1]], [3, [16, 128], [[[1, 0, (-24, -42), (0, 3), [26, 48, 14, 1], 64, 64, 1], [[2, (48, 0), 48, 0, 4]]], [[0, 1, (27, 45), (2, -1), [98, 10, 10, 1], 0, 64, 1], [[0, (-1, -1)]]]]]]
commands: [1, 1, [256, 0, [512, 1, 64], [16, 128], [64, 48, 14, 1]], [4, [16, 128], [[[1, 0, (-24, -38), (0, 4), [0, 40, 14, 1], 64, 64, 1], [[2, (48, 0), 48, 0, 4]]], [[0, 1, (30, 44), (3, -1), [97, 10, 10, 1], 0, 64, 1], [[0, (-1, -1)]]]]]]
commands: [1, 1, [256, 0, [512, 1, 64], [16, 128], [64, 48, 14, 1]], [5, [16, 128], [[[1, 0, (-24, -33), (0, 5), [0, 14, 14, 1], 64, 64, 1], [[2, (48, 0), 40, 0, 4]]], [[0, 1, (34, 43), (4, -1), [96, 10, 10, 1], 0, 64, 1], [[0, (-1, -1)]]]]]]
commands: [1, 1, [256, 0, [512, 1, 64], [16, 128], [64, 48, 14, 1]], [6, [16, 128], [[[1, 0, (-24, -27), (0, 6), [0, 14, 14, 1], 64, 64, 1], [[2, (48, 0), 14, 0, 4]]], [[0, 1, (39, 42), (5, -1), [95, 10, 10, 1], 0, 64, 1], [[0, (-1, -1)]]]]]]
commands: [1, 1, [256, 0, [512, 1, 64], [16, 128], [64, 48, 14, 1]], [7, [16, 128], [[[1, 0, (-24, -20), (0, 7), [0, 14, 14, 1], 64, 64, 1], [[2, (48, 0), 14, 0, 4]]], [[0, 1, (45, 41), (6, -1), [94, 10, 10, 1], 0, 64, 1], [[0, (-1, -1)]]]]]]
commands: [1, 1, [256, 0, [512, 1, 64], [16, 128], [64, 48, 14, 1]], [8, [16, 128], [[[1, 0, (-23, -13), (1, 7), [0, 14, 14, 1], 64, 64, 1], [[2, (48, 0), 14, 0, 4]]], [[0, 1, (51, 41), (6, 0), [93, 10, 10, 1], 0, 64, 1], [[0, (-1, -1)]]]]]]
commands: [1, 1, [256, 0, [512, 1, 64], [16, 128], [64, 48, 14, 1]], [9, [16, 128], [[[1, 0, (-21, -6), (2, 7), [0, 14, 14, 1], 64, 64, 1], [[2, (48, 0), 14, 0, 4]]], [[0, 1, (56, 41), (5, 0), [93, 10, 10, 1], 0, 64, 1], None]]]]
commands: [1, 1, [256, 0, [512, 1, 64], [16, 128], [64, 48, 14, 1]], [10, [16, 128], [[[1, 0, (-18, 1), (3, 7), [0, 14, 14, 1], 64, 64, 1], [[2, (48, 0), 14, 0, 4]]], [[0, 1, (60, 41), (4, 0), [93, 10, 10, 1], 0, 64, 1], None]]]]
commands: [1, 2, [256, 0, [512, 1, 64], [16, 128], [64, 48, 14, 1]], [11, [16, 128], [[[1, 0, (-14, 8), (4, 7), [0, 0, 0, 0], 64, 64, 1], None], [[0, 1, (63, 41), (3, 0), [93, 10, 10, 1], 0, 64, 1], None]]]]
