join: [1, 0, [256, 0, [512, 1, 64], [16, 128], [100, 10, 10, 1]], None]
start: [1, 1, [256, 0, [512, 1, 64], [16, 128], [100, 10, 10, 1]], [0, [16, 128], [[[1, 0, (48, 35), (0, 0), [100, 10, 10, 1], 0, 64, 1], None], [[0, 1, (-48, -35), (0, 0), [100, 10, 10, 1], 0, 64, 1], None]]]]
commands: [1, 1, [256, 0, [512, 1, 64], [16, 128], [100, 10, 10, 1]], [1, [16, 128], [[[1, 0, (47, 35), (-1, 0), [100, 10, 10, 1], 0, 64, 1], None], [[0, 1, (-47, -35), (1, 0), [100, 10, 10, 1], 0, 64, 1], None]]]]
commands: [1, 1, [256, 0, [512, 1, 64], [16, 128], [100, 10, 10, 1]], [2, [16, 128], [[[1, 0, (46, 36), (-1, 1), [99, 10, 10, 1], 0, 64, 1], [[0, (-1, -1)]]], [[0, 1, (-46, -36), (1, -1), [99, 10, 10, 1], 0, 64, 1], [[0, (1, 1)]]]]]]
commands: [1, 1, [256, 0, [512, 1, 64], [16, 128], [100, 10, 10, 1]], [3, [16, 128], [[[1, 0, (45, 38), (-1, 2), [98, 10, 10, 1], 0, 64, 1], [[0, (-1, -1)]]], [[0, 1, (-45, -38), (1, -2), [98, 10, 10, 1], 0, 64, 1], [[0, (1, 1)]]]]]]
commands: [1, 1, [256, 0, [512, 1, 64], [16, 128], [100, 10, 10, 1]], [4, [16, 128], [[[1, 0, (44, 41), (-1, 3), [97, 10, 10, 1], 0, 64, 1], [[0, (-1, -1)]]], [[0, 1, (-44, -41), (1, -3), [97, 10, 10, 1], 0, 64, 1], [[0, (1, 1)]]]]]]
commands: [1, 1, [256, 0, [512, 1, 64], [16, 128], [100, 10, 10, 1]], [5, [16, 128], [[[1, 0, (43, 45), (-1, 4), [96, 10, 10, 1], 0, 64, 1], [[0, (-1, -1)]]], [[0, 1, (-43, -45), (1, -4), [96, 10, 10, 1], 0, 64, 1], [[0, (1, 1)]]]]]]
commands: [1, 1, [256, 0, [512, 1, 64], [16, 128], [100, 10, 10, 1]], [6, [16, 128], [[[1, 0, (43, 49), (0, 4), [95, 10, 10, 1], 0, 64, 1], [[0, (-1, -1)]]], [[0, 1, (-43, -49), (0, -4), [95, 10, 10, 1], 0, 64, 1], [[0, (1, 1)]]]]]]
commands: [1, 1, [256, 0, [512, 1, 64], [16, 128], [100, 10, 10, 1]], [7, [16, 128], [[[1, 0, (43, 52), (0, 3), [95, 10, 10, 1], 0, 64, 1], None], [[0, 1, (-43, -52), (0, -3), [95, 10, 10, 1], 0, 64, 1], None]]]]
commands: [1, 1, [256, 0, [512, 1, 64], [16, 128], [100, 10, 10, 1]], [8, [16, 128], [[[1, 0, (43, 54), (0, 2), [95, 10, 10, 1], 0, 64, 1], None], [[0, 1, (-43, -54), (0, -2), [95, 10, 10, 1], 0, 64, 1], None]]]]
commands: [1, 1, [256, 0, [512, 1, 64], [16, 128], [100, 10, 10, 1]], [9, [16, 128], [[[1, 0, (43, 55), (0, 1), [95, 10, 10, 1], 0, 64, 1], None], [[0, 1, (-43, -55), (0, -1), [95, 10, 10, 1], 0, 64, 1], None]]]]
commands: [1, 1, [256, 0, [512, 1, 64], [16, 128], [100, 10, 10, 1]], [10, [16, 128], [[[1, 0, (43, 55), (0, 0), [95, 10, 10, 1], 0, 64, 1], None], [[0, 1, (-43, -55), (0, 0), [95, 10, 10, 1], 0, 64, 1], None]]]]
commands: [1, 1, [256, 0, [512, 1, 64], [16, 128], [100, 10, 10, 1]], [11, [16, 128], [[[1, 0, (43, 54), (0, -1), [95, 10, 10, 1], 0, 64, 1], None], [[0, 1, (-43, -54), (0, 1), [95, 10, 10, 1], 0, 64, 1], None]]]]
commands: [1, 1, [256, 0, [512, 1, 64], [16, 128], [100, 10, 10, 1]], [12, [16, 128], [[[1, 0, (43, 52), (0, -2), [95, 10, 10, 1], 0, 64, 1], None], [[0, 1, (-43, -52), (0, 2), [95, 10, 10, 1], 0, 64, 1], None]]]]
commands: [1, 1, [256, 0, [512, 1, 64], [16, 128], [100, 10, 10, 1]], [13, [16, 128], [[[1, 0, (43, 49), (0, -3), [95, 10, 10, 1], 0, 64, 1], None], [[0, 1, (-43, -49), (0, 3), [95, 10, 10, 1], 0, 64, 1], None]]]]
commands: [1, 1, [256, 0, [512, 1, 64], [16, 128], [100, 10, 10, 1]], [14, [16, 128], [[[1, 0, (43, 45), (0, -4), [95, 10, 10, 1], 0, 64, 1], None], [[0, 1, (-43, -45), (0, 4), [95, 10, 10, 1], 0, 64, 1], None]]]]
commands: [1, 1, [256, 0, [512, 1, 64], [16, 128], [100, 10, 10, 1]], [15, [16, 128], [[[1, 0, (44, 41), (1, -4), [94, 10, 10, 1], 0, 64, 1], [[0, (-1, -1)]]], [[0, 1, (-44, -41), (-1, 4), [94, 10, 10, 1], 0, 64, 1], [[0, (1, 1)]]]]]]
commands: [1, 1, [256, 0, [512, 1, 64], [16, 128], [100, 10, 10, 1]], [16, [16, 128], [[[1, 0, (45, 38), (1, -3), [93, 10, 10, 1], 0, 64, 1], [[0, (-1, -1)]]], [[0, 1, (-45, -38), (-1, 3), [93, 10, 10, 1], 0, 64, 1], [[0, (1, 1)]]]]]]
commands: [1, 1, [256, 0, [512, 1, 64], [16, 128], [100, 10, 10, 1]], [17, [16, 128], [[[1, 0, (46, 36), (1, -2), [92, 10, 10, 1], 0, 64, 1], [[0, (-1, -1)]]], [[0, 1, (-46, -36), (-1, 2), [92, 10, 10, 1], 0, 64, 1], [[0, (1, 1)]]]]]]
commands: [1, 1, [256, 0, [512, 1, 64], [16, 128], [100, 10, 10, 1]], [18, [16, 128], [[[1, 0, (47, 35), (1, -1), [91, 10, 10, 1], 0, 64, 1], [[0, (-1, -1)]]], [[0, 1, (-47, -35), (-1, 1), [91, 10, 10, 1], 0, 64, 1], [[0, (1, 1)]]]]]]
commands: [1, 1, [256, 0, [512, 1, 64], [16, 128], [100, 10, 10, 1]], [19, [16, 128], [[[1, 0, (48, 35), (1, 0), [90, 10, 10, 1], 0, 64, 1], [[0, (-1, -1)]]], [[0, 1, (-48, -35), (-1, 0), [90, 10, 10, 1], 0, 64, 1], [[0, (1, 1)]]]]]]
commands: [1, 1, [256, 0, [512, 1, 64], [16, 128], [100, 10, 10, 1]], [20, [16, 128], [[[1, 0, (48, 35), (0, 0), [90, 10, 10, 1], 0, 64, 1], None], [[0, 1, (-48, -35), (0, 0), [90, 10, 10, 1], 0, 64, 1], None]]]]
commands: [1, 1, [256, 0, [512, 1, 64], [16, 128], [100, 10, 10, 1]], [21, [16, 128], [[[1, 0, (47, 35), (-1, 0), [90, 10, 10, 1], 0, 64, 1], None], [[0, 1, (-47, -35), (1, 0), [90, 10, 10, 1], 0, 64, 1], None]]]]
commands: [1, 1, [256, 0, [512, 1, 64], [16, 128], [100, 10, 10, 1]], [22, [16, 128], [[[1, 0, (46, 36), (-1, 1), [89, 10, 10, 1], 0, 64, 1], [[0, (-1, -1)]]], [[0, 1, (-46, -36), (1, -1), [89, 10, 10, 1], 0, 64, 1], [[0, (1, 1)]]]]]]
commands: [1, 1, [256, 0, [512, 1, 64], [16, 128], [100, 10, 10, 1]], [23, [16, 128], [[[1, 0, (45, 38), (-1, 2), [88, 10, 10, 1], 0, 64, 1], [[0, (-1, -1)]]], [[0, 1, (-45, -38), (1, -2), [88, 10, 10, 1], 0, 64, 1], [[0, (1, 1)]]]]]]
