[1, 0, [256, 0, [512, 1, 64], [16, 128], [64, 48, 14, 1]], None]
[1, 1, [256, 0, [512, 1, 64], [16, 128], [64, 48, 14, 1]], [0, [16, 128], [[[1, 0, (-48, 28), (0, 0), [64, 48, 14, 1], 0, 64, 1], None], [[0, 1, (48, -28), (0, 0), [64, 48, 14, 1], 0, 64, 1], None]]]]
[1, 1, [256, 0, [512, 1, 64], [16, 128], [64, 48, 14, 1]], [1, [16, 128], [[[1, 0, (-47, 28), (1, 0), [64, 48, 14, 1], 34, 64, 1], [[2, (47, -28), 48, 0, 4]]], [[0, 1, (47, -28), (-1, 0), [64, 48, 14, 1], 0, 64, 1], None]]]]
[1, 1, [256, 0, [512, 1, 64], [16, 128], [64, 48, 14, 1]], [2, [16, 128], [[[1, 0, (-46, 29), (1, 1), [51, 48, 14, 1], 64, 64, 1], [[0, (1, -1)], [2, (45, -28), 48, 0, 4]]], [[0, 1, (45, -28), (-2, 0), [64, 48, 14, 1], 0, 64, 1], None]]]]
[1, 1, [256, 0, [512, 1, 64], [16, 128], [64, 48, 14, 1]], [3, [16, 128], [[[1, 0, (-45, 31), (1, 2), [8, 48, 14, 1], 64, 64, 1], [[0, (1, -1)], [2, (42, -28), 48, 0, 4]]], [[0, 1, (42, -28), (-3, 0), [64, 48, 14, 1], 0, 64, 1], None]]]]
[1, 1, [256, 0, [512, 1, 64], [16, 128], [64, 48, 14, 1]], [4, [16, 128], [[[1, 0, (-44, 34), (1, 3), [0, 13, 14, 1], 64, 64, 1], [[0, (1, -1)], [2, (38, -28), 48, 0, 4]]], [[0, 1, (38, -28), (-4, 0), [64, 48, 14, 1], 0, 64, 1], None]]]]
[1, 1, [256, 0, [512, 1, 64], [16, 128], [64, 48, 14, 1]], [5, [16, 128], [[[1, 0, (-42, 37), (2, 3), [0, 13, 14, 1], 63, 64, 1], [[2, (33, -28), 13, 0, 4]]], [[0, 1, (33, -28), (-5, 0), [64, 48, 14, 1], 0, 64, 1], None]]]]
[1, 1, [256, 0, [512, 1, 64], [16, 128], [64, 48, 14, 1]], [6, [16, 128], [[[1, 0, (-39, 40), (3, 3), [0, 13, 14, 1], 62, 64, 1], [[2, (27, -28), 13, 0, 4]]], [[0, 1, (27, -28), (-6, 0), [64, 48, 14, 1], 0, 64, 1], None]]]]
[1, 1, [256, 0, [512, 1, 64], [16, 128], [64, 48, 14, 1]], [7, [16, 128], [[[1, 0, (-36, 42), (3, 2), [0, 13, 14, 1], 61, 64, 1], [[2, (20, -27), 13, 0, 4]]], [[0, 1, (21, -27), (-6, 1), [64, 48, 14, 1], 0, 64, 1], None]]]]
[1, 1, [256, 0, [512, 1, 64], [16, 128], [64, 48, 14, 1]], [8, [16, 128], [[[1, 0, (-33, 43), (3, 1), [0, 13, 14, 1], 60, 64, 1], [[2, (14, -25), 13, 0, 4]]], [[0, 1, (15, -25), (-6, 2), [64, 48, 14, 1], 0, 64, 1], None]]]]
[1, 1, [256, 0, [512, 1, 64], [16, 128], [64, 48, 14, 1]], [9, [16, 128], [[[1, 0, (-30, 43), (3, 0), [0, 13, 14, 1], 59, 64, 1], [[2, (8, -22), 13, 0, 4]]], [[0, 1, (9, -22), (-6, 3), [64, 48, 14, 1], 0, 64, 1], None]]]]
[1, 1, [256, 0, [512, 1, 64], [16, 128], [64, 48, 14, 1]], [10, [16, 128], [[[1, 0, (-27, 42), (3, -1), [0, 13, 14, 1], 58, 64, 1], [[2, (2, -18), 13, 0, 4]]], [[0, 1, (3, -18), (-6, 4), [64, 48, 14, 1], 0, 64, 1], None]]]]
[1, 2, [256, 0, [512, 1, 64], [16, 128], [64, 48, 14, 1]], [11, [16, 128], [[[1, 0, (-24, 40), (3, -2), [0, 13, 14, 1], 57, 64, 1], [[2, (-4, -13), 13, 0, 4]]], [[0, 1, (-3, -13), (-6, 5), [0, 0, 0, 0], 0, 64, 1], None]]]]
