[1, 0, [256, 0, [512, 1, 64], [16, 128], [64, 36, 18, 1]], None]
[1, 1, [256, 0, [512, 1, 64], [16, 128], [64, 36, 18, 1]], [0, [16, 128], [[[1, 0, (-48, 32), (0, 0), [64, 36, 18, 1], 0, 64, 1], None], [[0, 1, (48, -32), (0, 0), [1, 1, 1, 1], 0, 64, 1], None]]]]
[1, 1, [256, 0, [512, 1, 64], [16, 128], [64, 36, 18, 1]], [1, [16, 128], [[[1, 0, (-47, 32), (1, 0), [64, 36, 18, 1], 18, 64, 1], [[2, (47, -32), 36, 0, 4]]], [[0, 1, (47, -32), (-1, 0), [1, 1, 1, 1], 0, 64, 1], None]]]]
[1, 1, [256, 0, [512, 1, 64], [16, 128], [64, 36, 18, 1]], [2, [16, 128], [[[1, 0, (-45, 32), (2, 0), [64, 36, 18, 1], 36, 64, 1], [[2, (45, -32), 36, 0, 4]]], [[0, 1, (45, -32), (-2, 0), [1, 1, 1, 1], 0, 64, 1], None]]]]
[1, 1, [256, 0, [512, 1, 64], [16, 128], [64, 36, 18, 1]], [3, [16, 128], [[[1, 0, (-42, 32), (3, 0), [64, 36, 18, 1], 18, 64, 1], None], [[0, 1, (42, -32), (-3, 0), [1, 1, 1, 1], 0, 64, 1], None]]]]
[1, 1, [256, 0, [512, 1, 64], [16, 128], [64, 36, 18, 1]], [4, [16, 128], [[[1, 0, (-38, 32), (4, 0), [64, 36, 18, 1], 36, 64, 1], [[2, (38, -32), 36, 0, 4]]], [[0, 1, (38, -32), (-4, 0), [1, 1, 1, 1], 0, 64, 1], None]]]]
[1, 1, [256, 0, [512, 1, 64], [16, 128], [64, 36, 18, 1]], [5, [16, 128], [[[1, 0, (-33, 32), (5, 0), [64, 36, 18, 1], 18, 64, 1], None], [[0, 1, (33, -32), (-5, 0), [1, 1, 1, 1], 0, 64, 1], None]]]]
[1, 1, [256, 0, [512, 1, 64], [16, 128], [64, 36, 18, 1]], [6, [16, 128], [[[1, 0, (-27, 32), (6, 0), [64, 36, 18, 1], 36, 64, 1], [[2, (27, -32), 36, 12, 4]]], [[0, 1, (27, -32), (-6, 0), [1, 1, 1, 1], 11, 64, 1], None]]]]
[1, 1, [256, 0, [512, 1, 64], [16, 128], [64, 36, 18, 1]], [7, [16, 128], [[[1, 0, (-21, 31), (6, -1), [64, 36, 18, 1], 18, 64, 1], None], [[0, 1, (21, -31), (-6, 1), [1, 1, 1, 1], 10, 64, 1], None]]]]
[1, 1, [256, 0, [512, 1, 64], [16, 128], [64, 36, 18, 1]], [8, [16, 128], [[[1, 0, (-15, 29), (6, -2), [64, 36, 18, 1], 36, 64, 1], [[2, (15, -29), 36, 0, 4]]], [[0, 1, (15, -29), (-6, 2), [1, 1, 1, 1], 9, 64, 1], None]]]]
[1, 1, [256, 0, [512, 1, 64], [16, 128], [64, 36, 18, 1]], [9, [16, 128], [[[1, 0, (-9, 26), (6, -3), [64, 36, 18, 1], 18, 64, 1], None], [[0, 1, (9, -26), (-6, 3), [1, 1, 1, 1], 8, 64, 1], None]]]]
[1, 1, [256, 0, [512, 1, 64], [16, 128], [64, 36, 18, 1]], [10, [16, 128], [[[1, 0, (-3, 22), (6, -4), [64, 36, 18, 1], 36, 64, 1], [[2, (3, -22), 36, 36, 4]]], [[0, 1, (3, -22), (-6, 4), [1, 1, 1, 1], 43, 64, 1], None]]]]
[1, 1, [256, 0, [512, 1, 64], [16, 128], [64, 36, 18, 1]], [11, [16, 128], [[[1, 0, (3, 17), (6, -5), [64, 36, 18, 1], 18, 64, 1], None], [[0, 1, (-3, -17), (-6, 5), [1, 1, 1, 1], 42, 64, 1], None]]]]
[1, 2, [256, 0, [512, 1, 64], [16, 128], [64, 36, 18, 1]], [12, [16, 128], [[[1, 0, (9, 11), (6, -6), [0, 0, 0, 0], 18, 64, 1], None], [[0, 1, (-9, -11), (-6, 6), [0, 0, 0, 0], 42, 64, 1], None]]]]
