join: [1, 0, [256, 0, [512, 1, 64], [16, 128], [64, 48, 14, 1]], None]
start: [1, 1, [256, 0, [512, 1, 64], [16, 128], [64, 48, 14, 1]], [0, [16, 128], [[[1, 0, (-41, -48), (0, 0), [64, 48, 14, 1], 0, 64, 1], None], [[0, 1, (41, 48), (0, 0), [100, 10, 10, 1], 0, 64, 1], None]]]]
commands: [1, 1, [256, 0, [512, 1, 64], [16, 128], [64, 48, 14, 1]], [1, [16, 128], [[[1, 0, (-41, -47), (0, 1), [64, 48, 14, 1], 34, 64, 1], [[2, (41, 48), 48, 11, 4]]], [[0, 1, (41, 47), (0, -1), [100, 10, 10, 1], 0, 64, 1], None]]]]
commands: [1, 1, [256, 0, [512, 1, 64], [16, 128], [64, 48, 14, 1]], [2, [16, 128], [[[1, 0, (-41, -45), (0, 2), [60, 48, 14, 1], 64, 64, 1], [[2, (41, 46), 48, 26, 4]]], [[0, 1, (42, 46), (1, -1), [99, 10, 10, 1], 4, 64, 1], [[0, (-1, -1)]]]]]]
commands: [1, 1, [256, 0, [512, 1, 64], [16, 128], [64, 48, 14, 1]], [3, [16, 128], [[[1, 0, (-41, -42), (0, 3), [26, 48, 14, 1], 64, 64, 1], [[2, (43, 45), 48, 49, 4]]], [[0, 1, (44, 45), (2, -1), [98, 10, 10, 1], 14, 64, 1], [[0, (-1, -1)]]]]]]
commands: [1, 1, [256, 0, [512, 1, 64], [16, 128], [64, 48, 14, 1]], [4, [16, 128], [[[1, 0, (-41, -38), (0, 4), [0, 40, 14, 1], 64, 64, 1], [[2, (46, 44), 48, 42, 4]]], [[0, 1, (47, 44), (3, -1), [97, 10, 10, 1], 22, 64, 1], [[0, (-1, -1)]]]]]]
commands: [1, 1, [256, 0, [512, 1, 64], [16, 128], [64, 48, 14, 1]], [5, [16, 128], [[[1, 0, (-40, -34), (1, 4), [0, 14, 14, 1], 64, 64, 1], [[2, (50, 43), 40, 0, 4]]], [[0, 1, (50, 44), (3, 0), [96, 10, 10, 1], 20, 64, 1], [[0, (-1, -1)]]]]]]
commands: [1, 1, [256, 0, [512, 1, 64], [16, 128], [64, 48, 14, 1]], [6, [16, 128], [[[1, 0, (-38, -30), (2, 4), [0, 14, 14, 1], 64, 64, 1], [[2, (53, 44), 14, 0, 4]]], [[0, 1, (52, 44), (2, 0), [96, 10, 10, 1], 10, 64, 1], None]]]]
commands: [1, 1, [256, 0, [512, 1, 64], [16, 128], [64, 48, 14, 1]], [7, [16, 128], [[[1, 0, (-35, -26), (3, 4), [0, 14, 14, 1], 64, 64, 1], [[2, (54, 44), 14, 0, 4]]], [[0, 1, (53, 44), (1, 0), [96, 10, 10, 1], 0, 64, 1], None]]]]
commands: [1, 1, [256, 0, [512, 1, 64], [16, 128], [64, 48, 14, 1]], [8, [16, 128], [[[1, 0, (-31, -22), (4, 4), [0, 14, 14, 1], 64, 64, 1], [[2, (54, 44), 14, 0, 4]]], [[0, 1, (53, 44), (0, 0), [96, 10, 10, 1], 0, 64, 1], None]]]]
commands: [1, 1, [256, 0, [512, 1, 64], [16, 128], [64, 48, 14, 1]], [9, [16, 128], [[[1, 0, (-26, -18), (5, 4), [0, 14, 14, 1], 64, 64, 1], [[2, (53, 44), 14, 0, 4]]], [[0, 1, (52, 44), (-1, 0), [96, 10, 10, 1], 0, 64, 1], None]]]]
commands: [1, 1, [256, 0, [512, 1, 64], [16, 128], [64, 48, 14, 1]], [10, [16, 128], [[[1, 0, (-20, -14), (6, 4), [0, 14, 14, 1], 64, 64, 1], [[2, (51, 44), 14, 0, 4]]], [[0, 1, (50, 44), (-2, 0), [96, 10, 10, 1], 0, 64, 1], None]]]]
commands: [1, 2, [256, 0, [512, 1, 64], [16, 128], [64, 48, 14, 1]], [11, [16, 128], [[[1, 0, (-13, -10), (7, 4), [0, 0, 0, 0], 64, 64, 1], None], [[0, 1, (47, 44), (-3, 0), [96, 10, 10, 1], 0, 64, 1], None]]]]
