[1, 0, [256, 0, [512, 1, 64], [16, 128], [200, 10, 10, 1]], None]
[1, 1, [256, 0, [512, 1, 64], [16, 128], [200, 10, 10, 1]], [0, [16, 128], [[[1, 0, (48, 13), (0, 0), [200, 10, 10, 1], 0, 64, 1], None], [[0, 1, (-48, -13), (0, 0), [134, 64, 10, 1], 0, 64, 1], None]]]]
[1, 1, [256, 0, [512, 1, 64], [16, 128], [200, 10, 10, 1]], [1, [16, 128], [[[1, 0, (46, 14), (-2, 1), [199, 10, 10, 1], 0, 64, 1], [[0, (1, -1)]]], [[0, 1, (-46, -14), (2, -1), [133, 64, 10, 1], 0, 64, 1], [[0, (-1, 1)]]]]]]
[1, 1, [256, 0, [512, 1, 64], [16, 128], [200, 10, 10, 1]], [2, [16, 128], [[[1, 0, (43, 16), (-3, 2), [198, 10, 10, 1], 0, 64, 1], [[0, (0, -1)]]], [[0, 1, (-43, -16), (3, -2), [132, 64, 10, 1], 0, 64, 1], [[0, (0, 1)]]]]]]
[1, 1, [256, 0, [512, 1, 64], [16, 128], [200, 10, 10, 1]], [3, [16, 128], [[[1, 0, (39, 18), (-4, 2), [198, 10, 10, 1], 0, 64, 1], None], [[0, 1, (-39, -18), (4, -2), [132, 64, 10, 1], 0, 64, 1], None]]]]
[1, 1, [256, 0, [512, 1, 64], [16, 128], [200, 10, 10, 1]], [4, [16, 128], [[[1, 0, (34, 20), (-5, 2), [198, 10, 10, 1], 0, 64, 1], None], [[0, 1, (-34, -20), (5, -2), [132, 64, 10, 1], 0, 64, 1], None]]]]
[1, 1, [256, 0, [512, 1, 64], [16, 128], [200, 10, 10, 1]], [5, [16, 128], [[[1, 0, (28, 22), (-6, 2), [198, 10, 10, 1], 45, 64, 1], None], [[0, 1, (-28, -22), (6, -2), [132, 64, 10, 1], 54, 64, 1], [[2, (28, 22), 64, 55, 4]]]]]]
[1, 1, [256, 0, [512, 1, 64], [16, 128], [200, 10, 10, 1]], [6, [16, 128], [[[1, 0, (21, 24), (-7, 2), [198, 10, 10, 1], 35, 64, 1], None], [[0, 1, (-21, -24), (7, -2), [132, 64, 10, 1], 44, 64, 1], None]]]]
[1, 1, [256, 0, [512, 1, 64], [16, 128], [200, 10, 10, 1]], [7, [16, 128], [[[1, 0, (14, 25), (-7, 1), [198, 10, 10, 1], 25, 64, 1], None], [[0, 1, (-14, -25), (7, -1), [132, 64, 10, 1], 34, 64, 1], None]]]]
[1, 1, [256, 0, [512, 1, 64], [16, 128], [200, 10, 10, 1]], [8, [16, 128], [[[1, 0, (7, 25), (-7, 0), [198, 10, 10, 1], 15, 64, 1], None], [[0, 1, (-7, -25), (7, 0), [132, 64, 10, 1], 24, 64, 1], None]]]]
[1, 2, [256, 0, [512, 1, 64], [16, 128], [200, 10, 10, 1]], [9, [16, 128], [[[1, 0, (0, 24), (-7, -1), [198, 10, 10, 1], 5, 64, 1], None], [[0, 1, (0, -24), (7, 1), [0, 0, 0, 0], 24, 64, 1], [[1, 355, 32]]]]]]
