[1, 0, [256, 0, [512, 1, 64], [16, 128], [64, 48, 14, 1]], None]
[1, 1, [256, 0, [512, 1, 64], [16, 128], [64, 48, 14, 1]], [0, [16, 128], [[[1, 0, (48, -4), (0, 0), [64, 48, 14, 1], 0, 64, 1], None], [[0, 1, (-48, 4), (0, 0), [5, 5, 5, 5], 0, 64, 1], None]]]]
[1, 1, [256, 0, [512, 1, 64], [16, 128], [64, 48, 14, 1]], [1, [16, 128], [[[1, 0, (47, -4), (-1, 0), [64, 48, 14, 1], 34, 64, 1], [[2, (-47, 3), 48, 30, 4]]], [[0, 1, (-47, 4), (1, 0), [5, 5, 5, 5], 2, 64, 1], None]]]]
[1, 1, [256, 0, [512, 1, 64], [16, 128], [64, 48, 14, 1]], [2, [16, 128], [[[1, 0, (45, -4), (-2, 0), [60, 48, 14, 1], 64, 64, 1], [[2, (-45, 3), 48, 33, 4]]], [[0, 1, (-45, 4), (2, 0), [5, 5, 5, 5], 5, 64, 1], None]]]]
[1, 1, [256, 0, [512, 1, 64], [16, 128], [64, 48, 14, 1]], [3, [16, 128], [[[1, 0, (42, -4), (-3, 0), [26, 48, 14, 1], 64, 64, 1], [[2, (-42, 3), 48, 37, 4]]], [[0, 1, (-42, 4), (3, 0), [5, 5, 5, 5], 9, 64, 1], None]]]]
[1, 1, [256, 0, [512, 1, 64], [16, 128], [64, 48, 14, 1]], [4, [16, 128], [[[1, 0, (38, -4), (-4, 0), [0, 40, 14, 1], 64, 64, 1], [[2, (-38, 3), 48, 43, 4]]], [[0, 1, (-38, 4), (4, 0), [5, 5, 5, 5], 14, 64, 1], None]]]]
[1, 1, [256, 0, [512, 1, 64], [16, 128], [64, 48, 14, 1]], [5, [16, 128], [[[1, 0, (33, -4), (-5, 0), [0, 14, 14, 1], 64, 64, 1], [[2, (-33, 3), 40, 30, 4]]], [[0, 1, (-33, 4), (5, 0), [5, 5, 5, 5], 16, 64, 1], None]]]]
[1, 1, [256, 0, [512, 1, 64], [16, 128], [64, 48, 14, 1]], [6, [16, 128], [[[1, 0, (27, -4), (-6, 0), [0, 14, 14, 1], 64, 64, 1], [[2, (-27, 3), 14, 0, 4]]], [[0, 1, (-27, 4), (6, 0), [5, 5, 5, 5], 11, 64, 1], None]]]]
[1, 1, [256, 0, [512, 1, 64], [16, 128], [64, 48, 14, 1]], [7, [16, 128], [[[1, 0, (20, -4), (-7, 0), [0, 14, 14, 1], 64, 64, 1], [[2, (-20, 3), 14, 0, 4]]], [[0, 1, (-20, 4), (7, 0), [5, 5, 5, 5], 6, 64, 1], None]]]]
[1, 2, [256, 0, [512, 1, 64], [16, 128], [64, 48, 14, 1]], [8, [16, 128], [[[1, 0, (12, -4), (-8, 0), [0, 0, 0, 0], 64, 64, 1], None], [[0, 1, (-12, 4), (8, 0), [0, 0, 0, 0], 6, 64, 1], None]]]]
