join: [1, 0, [256, 0, [512, 1, 64], [16, 128], [64, 48, 14, 1]], None]
start: [1, 1, [256, 0, [512, 1, 64], [16, 128], [64, 48, 14, 1]], [0, [16, 128], [[[1, 0, (29, 48), (0, 0), [64, 48, 14, 1], 0, 64, 1], None], [[0, 1, (-29, -48), (0, 0), [100, 10, 10, 1], 0, 64, 1], None]]]]
commands: [1, 1, [256, 0, [512, 1, 64], [16, 128], [64, 48, 14, 1]], [1, [16, 128], [[[1, 0, (30, 46), (1, -2), [63, 48, 14, 1], 0, 64, 1], [[0, (-1, 1)]]], [[0, 1, (-29, -47), (0, 1), [100, 10, 10, 1], 0, 64, 1], None]]]]
commands: [1, 1, [256, 0, [512, 1, 64], [16, 128], [64, 48, 14, 1]], [2, [16, 128], [[[1, 0, (32, 42), (2, -4), [62, 48, 14, 1], 0, 64, 1], [[0, (-1, 1)]]], [[0, 1, (-30, -46), (-1, 1), [99, 10, 10, 1], 0, 64, 1], [[0, (1, 1)]]]]]]
commands: [1, 1, [256, 0, [512, 1, 64], [16, 128], [64, 48, 14, 1]], [3, [16, 128], [[[1, 0, (35, 36), (3, -6), [61, 48, 14, 1], 0, 64, 1], [[0, (-1, 1)]]], [[0, 1, (-32, -45), (-2, 1), [98, 10, 10, 1], 0, 64, 1], [[0, (1, 1)]]]]]]
commands: [1, 1, [256, 0, [512, 1, 64], [16, 128], [64, 48, 14, 1]], [4, [16, 128], [[[1, 0, (39, 28), (4, -8), [60, 48, 14, 1], 0, 64, 1], [[0, (-1, 1)]]], [[0, 1, (-35, -44), (-3, 1), [97, 10, 10, 1], 0, 64, 1], [[0, (1, 1)]]]]]]
commands: [1, 1, [256, 0, [512, 1, 64], [16, 128], [64, 48, 14, 1]], [5, [16, 128], [[[1, 0, (43, 19), (4, -9), [59, 48, 14, 1], 0, 64, 1], [[0, (-1, 1)]]], [[0, 1, (-39, -43), (-4, 1), [96, 10, 10, 1], 0, 64, 1], [[0, (1, 1)]]]]]]
commands: [1, 1, [256, 0, [512, 1, 64], [16, 128], [64, 48, 14, 1]], [6, [16, 128], [[[1, 0, (47, 9), (4, -10), [58, 48, 14, 1], 0, 64, 1], [[0, (-1, 1)]]], [[0, 1, (-44, -42), (-5, 1), [95, 10, 10, 1], 0, 64, 1], [[0, (1, 1)]]]]]]
commands: [1, 1, [256, 0, [512, 1, 64], [16, 128], [64, 48, 14, 1]], [7, [16, 128], [[[1, 0, (51, -2), (4, -11), [57, 48, 14, 1], 0, 64, 1], [[0, (-1, 1)]]], [[0, 1, (-49, -42), (-5, 0), [94, 10, 10, 1], 0, 64, 1], [[0, (1, 1)]]]]]]
commands: [1, 1, [256, 0, [512, 1, 64], [16, 128], [64, 48, 14, 1]], [8, [16, 128], [[[1, 0, (55, -14), (4, -12), [56, 48, 14, 1], 0, 64, 1], [[0, (-1, 1)]]], [[0, 1, (-53, -42), (-4, 0), [94, 10, 10, 1], 0, 64, 1], None]]]]
commands: [1, 1, [256, 0, [512, 1, 64], [16, 128], [64, 48, 14, 1]], [9, [16, 128], [[[1, 0, (59, -27), (4, -13), [55, 48, 14, 1], 0, 64, 1], [[0, (-1, 1)]]], [[0, 1, (-56, -42), (-3, 0), [94, 10, 10, 1], 0, 64, 1], None]]]]
commands: [1, 1, [256, 0, [512, 1, 64], [16, 128], [64, 48, 14, 1]], [10, [16, 128], [[[1, 0, (63, -41), (4, -14), [54, 48, 14, 1], 0, 64, 1], [[0, (-1, 1)]]], [[0, 1, (-58, -42), (-2, 0), [94, 10, 10, 1], 0, 64, 1], None]]]]
commands: [1, 1, [256, 0, [512, 1, 64], [16, 128], [64, 48, 14, 1]], [11, [16, 128], [[[1, 0, (67, -56), (4, -15), [53, 48, 14, 1], 0, 64, 1], [[0, (-1, 1)]]], [[0, 1, (-59, -42), (-1, 0), [94, 10, 10, 1], 0, 64, 1], None]]]]
commands: [1, 1, [256, 0, [512, 1, 64], [16, 128], [64, 48, 14, 1]], [12, [16, 128], [[[1, 0, (71, -72), (4, -16), [52, 48, 14, 1], 0, 64, 1], [[0, (-1, 1)]]], [[0, 1, (-59, -42), (0, 0), [94, 10, 10, 1], 0, 64, 1], None]]]]
commands: [1, 1, [256, 0, [512, 1, 64], [16, 128], [64, 48, 14, 1]], [13, [16, 128], [[[1, 0, (76, -88), (5, -16), [51, 48, 14, 1], 0, 64, 1], [[0, (-1, 1)]]], [[0, 1, (-58, -42), (1, 0), [94, 10, 10, 1], 0, 64, 1], None]]]]
commands: [1, 1, [256, 0, [512, 1, 64], [16, 128], [64, 48, 14, 1]], [14, [16, 128], [[[1, 0, (82, -104), (6, -16), [50, 48, 14, 1], 0, 64, 1], [[0, (-1, 1)]]], [[0, 1, (-56, -42), (2, 0), [94, 10, 10, 1], 0, 64, 1], None]]]]
commands: [1, 1, [256, 0, [512, 1, 64], [16, 128], [64, 48, 14, 1]], [15, [16, 128], [[[1, 0, (89, -120), (7, -16), [49, 48, 14, 1], 0, 64, 1], [[0, (-1, 1)]]], [[0, 1, (-53, -42), (3, 0), [94, 10, 10, 1], 0, 64, 1], None]]]]
commands: [1, 1, [256, 0, [512, 1, 64], [16, 128], [64, 48, 14, 1]], [16, [16, 128], [[[1, 0, (97, -136), (8, -16), [40, 48, 14, 1], 0, 64, 1], [[0, (-1, 1)]]], [[0, 1, (-49, -42), (4, 0), [94, 10, 10, 1], 0, 64, 1], None]]]]
commands: [1, 1, [256, 0, [512, 1, 64], [16, 128], [64, 48, 14, 1]], [17, [16, 128], [[[1, 0, (106, -152), (9, -16), [15, 48, 14, 1], 0, 64, 1], [[0, (-1, 1)]]], [[0, 1, (-44, -42), (5, 0), [94, 10, 10, 1], 0, 64, 1], None]]]]
commands: [1, 1, [256, 0, [512, 1, 64], [16, 128], [64, 48, 14, 1]], [18, [16, 128], [[[1, 0, (116, -168), (10, -16), [0, 22, 14, 1], 0, 64, 1], [[0, (-1, 1)]]], [[0, 1, (-39, -43), (5, -1), [93, 10, 10, 1], 0, 64, 1], [[0, (1, 1)]]]]]]
commands: [1, 2, [256, 0, [512, 1, 64], [16, 128], [64, 48, 14, 1]], [19, [16, 128], [[[1, 0, (126, -183), (10, -15), [0, 0, 0, 0], 0, 64, 1], None], [[0, 1, (-35, -44), (4, -1), [92, 10, 10, 1], 0, 64, 1], [[0, (1, 1)]]]]]]
