[1, 0, [256, 0, [512, 1, 64], [16, 128], [64, 64, 10, 4]], None]
[1, 1, [256, 0, [512, 1, 64], [16, 128], [64, 64, 10, 4]], [0, [16, 128], [[[1, 0, (48, 10), (0, 0), [64, 64, 10, 4], 0, 64, 1], None], [[0, 1, (-48, -10), (0, 0), [100, 10, 10, 1], 0, 64, 1], None]]]]
[1, 1, [256, 0, [512, 1, 64], [16, 128], [64, 64, 10, 4]], [1, [16, 128], [[[1, 0, (47, 10), (-1, 0), [32, 32, 5, 2], 0, 64, 1], [[3, [32, 32, 5, 2]]]], [[0, 1, (-47, -10), (1, 0), [100, 10, 10, 1], 0, 64, 1], None], [[1, 2, (47, 10), (-1, 0), [32, 32, 5, 2], 0, 64, 1], None]]]]
[1, 1, [256, 0, [512, 1, 64], [16, 128], [64, 64, 10, 4]], [2, [16, 128], [[[1, 0, (46, 11), (-1, 1), [31, 32, 5, 2], 3, 64, 1], [[0, (-1, -1)]]], [[0, 1, (-46, -11), (1, -1), [99, 10, 10, 1], 0, 64, 1], [[0, (1, 1)]]], [[1, 2, (45, 10), (-2, 0), [32, 32, 5, 2], 0, 64, 1], None]]]]
[1, 1, [256, 0, [512, 1, 64], [16, 128], [64, 64, 10, 4]], [3, [16, 128], [[[1, 0, (45, 13), (-1, 2), [30, 32, 5, 2], 6, 64, 1], [[0, (-1, -1)]]], [[0, 1, (-45, -13), (1, -2), [98, 10, 10, 1], 0, 64, 1], [[0, (1, 1)]]], [[1, 2, (42, 10), (-3, 0), [32, 32, 5, 2], 0, 64, 1], None]]]]
[1, 1, [256, 0, [512, 1, 64], [16, 128], [64, 64, 10, 4]], [4, [16, 128], [[[1, 0, (44, 16), (-1, 3), [29, 32, 5, 2], 9, 64, 1], [[0, (-1, -1)]]], [[0, 1, (-44, -16), (1, -3), [97, 10, 10, 1], 0, 64, 1], [[0, (1, 1)]]], [[1, 2, (38, 10), (-4, 0), [32, 32, 5, 2], 0, 64, 1], None]]]]
[1, 1, [256, 0, [512, 1, 64], [16, 128], [64, 64, 10, 4]], [5, [16, 128], [[[1, 0, (43, 20), (-1, 4), [28, 32, 5, 2], 12, 64, 1], [[0, (-1, -1)]]], [[0, 1, (-43, -20), (1, -4), [96, 10, 10, 1], 0, 64, 1], [[0, (1, 1)]]], [[1, 2, (33, 10), (-5, 0), [32, 32, 5, 2], 0, 64, 1], None]]]]
[1, 1, [256, 0, [512, 1, 64], [16, 128], [64, 64, 10, 4]], [6, [16, 128], [[[1, 0, (42, 25), (-1, 5), [27, 32, 5, 2], 15, 64, 1], [[0, (-1, -1)]]], [[0, 1, (-42, -25), (1, -5), [95, 10, 10, 1], 0, 64, 1], [[0, (1, 1)]]], [[1, 2, (27, 10), (-6, 0), [32, 32, 5, 2], 0, 64, 1], None]]]]
[1, 1, [256, 0, [512, 1, 64], [16, 128], [64, 64, 10, 4]], [7, [16, 128], [[[1, 0, (41, 31), (-1, 6), [26, 32, 5, 2], 18, 64, 1], [[0, (-1, -1)]]], [[0, 1, (-41, -31), (1, -6), [94, 10, 10, 1], 0, 64, 1], [[0, (1, 1)]]], [[1, 2, (20, 10), (-7, 0), [32, 32, 5, 2], 0, 64, 1], None]]]]
[1, 1, [256, 0, [512, 1, 64], [16, 128], [64, 64, 10, 4]], [8, [16, 128], [[[1, 0, (40, 38), (-1, 7), [25, 32, 5, 2], 21, 64, 1], [[0, (-1, -1)]]], [[0, 1, (-40, -38), (1, -7), [93, 10, 10, 1], 0, 64, 1], [[0, (1, 1)]]], [[1, 2, (12, 10), (-8, 0), [0, 0, 0, 0], 0, 64, 1], None]]]]
[1, 1, [256, 0, [512, 1, 64], [16, 128], [64, 64, 10, 4]], [9, [16, 128], [[[1, 0, (39, 46), (-1, 8), [24, 32, 5, 2], 24, 64, 1], [[0, (-1, -1)]]], [[0, 1, (-39, -46), (1, -8), [92, 10, 10, 1], 0, 64, 1], [[0, (1, 1)]]]]]]
[1, 1, [256, 0, [512, 1, 64], [16, 128], [64, 64, 10, 4]], [10, [16, 128], [[[1, 0, (39, 54), (0, 8), [23, 32, 5, 2], 27, 64, 1], [[0, (-1, -1)]]], [[0, 1, (-39, -54), (0, -8), [91, 10, 10, 1], 0, 64, 1], [[0, (1, 1)]]]]]]
[1, 1, [256, 0, [512, 1, 64], [16, 128], [64, 64, 10, 4]], [11, [16, 128], [[[1, 0, (39, 61), (0, 7), [23, 32, 5, 2], 22, 64, 1], None], [[0, 1, (-39, -61), (0, -7), [91, 10, 10, 1], 0, 64, 1], None]]]]
[1, 1, [256, 0, [512, 1, 64], [16, 128], [64, 64, 10, 4]], [12, [16, 128], [[[1, 0, (39, 67), (0, 6), [23, 32, 5, 2], 17, 64, 1], None], [[0, 1, (-39, -67), (0, -6), [91, 10, 10, 1], 0, 64, 1], None]]]]
[1, 1, [256, 0, [512, 1, 64], [16, 128], [64, 64, 10, 4]], [13, [16, 128], [[[1, 0, (39, 72), (0, 5), [23, 32, 5, 2], 12, 64, 1], None], [[0, 1, (-39, -72), (0, -5), [91, 10, 10, 1], 0, 64, 1], None]]]]
[1, 1, [256, 0, [512, 1, 64], [16, 128], [64, 64, 10, 4]], [14, [16, 128], [[[1, 0, (39, 76), (0, 4), [23, 32, 5, 2], 7, 64, 1], None], [[0, 1, (-39, -76), (0, -4), [91, 10, 10, 1], 0, 64, 1], None]]]]
[1, 1, [256, 0, [512, 1, 64], [16, 128], [64, 64, 10, 4]], [15, [16, 128], [[[1, 0, (39, 79), (0, 3), [23, 32, 5, 2], 2, 64, 1], None], [[0, 1, (-39, -79), (0, -3), [91, 10, 10, 1], 0, 64, 1], None]]]]
[1, 1, [256, 0, [512, 1, 64], [16, 128], [64, 64, 10, 4]], [16, [16, 128], [[[1, 0, (39, 81), (0, 2), [23, 32, 5, 2], 0, 64, 1], None], [[0, 1, (-39, -81), (0, -2), [91, 10, 10, 1], 0, 64, 1], None]]]]
[1, 1, [256, 0, [512, 1, 64], [16, 128], [64, 64, 10, 4]], [17, [16, 128], [[[1, 0, (39, 82), (0, 1), [23, 32, 5, 2], 0, 64, 1], None], [[0, 1, (-39, -82), (0, -1), [91, 10, 10, 1], 0, 64, 1], None]]]]
[1, 1, [256, 0, [512, 1, 64], [16, 128], [64, 64, 10, 4]], [18, [16, 128], [[[1, 0, (39, 82), (0, 0), [23, 32, 5, 2], 0, 64, 1], None], [[0, 1, (-39, -82), (0, 0), [91, 10, 10, 1], 0, 64, 1], None]]]]
[1, 1, [256, 0, [512, 1, 64], [16, 128], [64, 64, 10, 4]], [19, [16, 128], [[[1, 0, (39, 81), (0, -1), [23, 32, 5, 2], 0, 64, 1], None], [[0, 1, (-39, -81), (0, 1), [91, 10, 10, 1], 0, 64, 1], None]]]]
[1, 1, [256, 0, [512, 1, 64], [16, 128], [64, 64, 10, 4]], [20, [16, 128], [[[1, 0, (39, 79), (0, -2), [23, 32, 5, 2], 0, 64, 1], None], [[0, 1, (-39, -79), (0, 2), [91, 10, 10, 1], 0, 64, 1], None]]]]
[1, 1, [256, 0, [512, 1, 64], [16, 128], [64, 64, 10, 4]], [21, [16, 128], [[[1, 0, (39, 76), (0, -3), [23, 32, 5, 2], 0, 64, 1], None], [[0, 1, (-39, -76), (0, 3), [91, 10, 10, 1], 0, 64, 1], None]]]]
[1, 1, [256, 0, [512, 1, 64], [16, 128], [64, 64, 10, 4]], [22, [16, 128], [[[1, 0, (39, 72), (0, -4), [23, 32, 5, 2], 0, 64, 1], None], [[0, 1, (-39, -72), (0, 4), [91, 10, 10, 1], 0, 64, 1], None]]]]
[1, 1, [256, 0, [512, 1, 64], [16, 128], [64, 64, 10, 4]], [23, [16, 128], [[[1, 0, (39, 67), (0, -5), [23, 32, 5, 2], 0, 64, 1], None], [[0, 1, (-39, -67), (0, 5), [91, 10, 10, 1], 0, 64, 1], None]]]]
[1, 1, [256, 0, [512, 1, 64], [16, 128], [64, 64, 10, 4]], [24, [16, 128], [[[1, 0, (39, 61), (0, -6), [23, 32, 5, 2], 0, 64, 1], None], [[0, 1, (-39, -61), (0, 6), [91, 10, 10, 1], 0, 64, 1], None]]]]
[1, 1, [256, 0, [512, 1, 64], [16, 128], [64, 64, 10, 4]], [25, [16, 128], [[[1, 0, (39, 54), (0, -7), [23, 32, 5, 2], 0, 64, 1], None], [[0, 1, (-39, -54), (0, 7), [91, 10, 10, 1], 0, 64, 1], None]]]]
[1, 1, [256, 0, [512, 1, 64], [16, 128], [64, 64, 10, 4]], [26, [16, 128], [[[1, 0, (39, 46), (0, -8), [23, 32, 5, 2], 0, 64, 1], None], [[0, 1, (-39, -46), (0, 8), [91, 10, 10, 1], 0, 64, 1], None]]]]
