[1, 0, [256, 0, [512, 1, 64], [16, 128], [200, 10, 10, 1]], None]
[1, 1, [256, 0, [512, 1, 64], [16, 128], [200, 10, 10, 1]], [0, [16, 128], [[[1, 0, (-17, -48), (0, 0), [200, 10, 10, 1], 0, 64, 1], None], [[0, 1, (17, 48), (0, 0), [134, 64, 10, 1], 0, 64, 1], None]]]]
[1, 1, [256, 0, [512, 1, 64], [16, 128], [200, 10, 10, 1]], [1, [16, 128], [[[1, 0, (-18, -48), (-1, 0), [199, 10, 10, 1], 0, 64, 1], [[0, (1, 1)]]], [[0, 1, (18, 48), (1, 0), [133, 64, 10, 1], 0, 64, 1], [[0, (-1, -1)]]]]]]
[1, 1, [256, 0, [512, 1, 64], [16, 128], [200, 10, 10, 1]], [2, [16, 128], [[[1, 0, (-20, -48), (-2, 0), [198, 10, 10, 1], 0, 64, 1], [[0, (1, 1)]]], [[0, 1, (20, 48), (2, 0), [132, 64, 10, 1], 0, 64, 1], [[0, (-1, -1)]]]]]]
[1, 1, [256, 0, [512, 1, 64], [16, 128], [200, 10, 10, 1]], [3, [16, 128], [[[1, 0, (-22, -47), (-2, 1), [198, 10, 10, 1], 0, 64, 1], None], [[0, 1, (22, 47), (2, -1), [132, 64, 10, 1], 0, 64, 1], None]]]]
[1, 1, [256, 0, [512, 1, 64], [16, 128], [200, 10, 10, 1]], [4, [16, 128], [[[1, 0, (-24, -45), (-2, 2), [198, 10, 10, 1], 0, 64, 1], None], [[0, 1, (24, 45), (2, -2), [132, 64, 10, 1], 0, 64, 1], None]]]]
[1, 1, [256, 0, [512, 1, 64], [16, 128], [200, 10, 10, 1]], [5, [16, 128], [[[1, 0, (-26, -42), (-2, 3), [198, 10, 10, 1], 0, 64, 1], None], [[0, 1, (26, 42), (2, -3), [132, 64, 10, 1], 0, 64, 1], None]]]]
[1, 1, [256, 0, [512, 1, 64], [16, 128], [200, 10, 10, 1]], [6, [16, 128], [[[1, 0, (-28, -38), (-2, 4), [198, 10, 10, 1], 0, 64, 1], None], [[0, 1, (28, 38), (2, -4), [132, 64, 10, 1], 0, 64, 1], None]]]]
[1, 1, [256, 0, [512, 1, 64], [16, 128], [200, 10, 10, 1]], [7, [16, 128], [[[1, 0, (-30, -33), (-2, 5), [198, 10, 10, 1], 0, 64, 1], None], [[0, 1, (30, 33), (2, -5), [132, 64, 10, 1], 0, 64, 1], None]]]]
[1, 1, [256, 0, [512, 1, 64], [16, 128], [200, 10, 10, 1]], [8, [16, 128], [[[1, 0, (-32, -27), (-2, 6), [198, 10, 10, 1], 0, 64, 1], None], [[0, 1, (32, 27), (2, -6), [132, 64, 10, 1], 0, 64, 1], None]]]]
[1, 1, [256, 0, [512, 1, 64], [16, 128], [200, 10, 10, 1]], [9, [16, 128], [[[1, 0, (-33, -21), (-1, 6), [198, 10, 10, 1], 0, 64, 1], None], [[0, 1, (33, 21), (1, -6), [132, 64, 10, 1], 0, 64, 1], None]]]]
[1, 1, [256, 0, [512, 1, 64], [16, 128], [200, 10, 10, 1]], [10, [16, 128], [[[1, 0, (-33, -15), (0, 6), [198, 10, 10, 1], 0, 64, 1], None], [[0, 1, (33, 15), (0, -6), [132, 64, 10, 1], 54, 64, 1], [[2, (-33, -15), 64, 0, 4]]]]]]
[1, 1, [256, 0, [512, 1, 64], [16, 128], [200, 10, 10, 1]], [11, [16, 128], [[[1, 0, (-32, -9), (1, 6), [198, 10, 10, 1], 0, 64, 1], None], [[0, 1, (32, 9), (-1, -6), [132, 64, 10, 1], 44, 64, 1], None]]]]
[1, 1, [256, 0, [512, 1, 64], [16, 128], [200, 10, 10, 1]], [12, [16, 128], [[[1, 0, (-30, -3), (2, 6), [198, 10, 10, 1], 0, 64, 1], None], [[0, 1, (30, 3), (-2, -6), [132, 64, 10, 1], 34, 64, 1], None]]]]
[1, 1, [256, 0, [512, 1, 64], [16, 128], [200, 10, 10, 1]], [13, [16, 128], [[[1, 0, (-27, 3), (3, 6), [198, 10, 10, 1], 0, 64, 1], None], [[0, 1, (27, -3), (-3, -6), [132, 64, 10, 1], 24, 64, 1], None]]]]
[1, 1, [256, 0, [512, 1, 64], [16, 128], [200, 10, 10, 1]], [14, [16, 128], [[[1, 0, (-23, 9), (4, 6), [198, 10, 10, 1], 0, 64, 1], None], [[0, 1, (23, -9), (-4, -6), [132, 64, 10, 1], 14, 64, 1], None]]]]
[1, 1, [256, 0, [512, 1, 64], [16, 128], [200, 10, 10, 1]], [15, [16, 128], [[[1, 0, (-18, 15), (5, 6), [198, 10, 10, 1], 0, 64, 1], None], [[0, 1, (18, -15), (-5, -6), [132, 64, 10, 1], 4, 64, 1], None]]]]
[1, 1, [256, 0, [512, 1, 64], [16, 128], [200, 10, 10, 1]], [16, [16, 128], [[[1, 0, (-12, 21), (6, 6), [198, 10, 10, 1], 0, 64, 1], None], [[0, 1, (12, -21), (-6, -6), [132, 64, 10, 1], 58, 64, 1], [[2, (-12, 21), 64, 0, 4]]]]]]
[1, 1, [256, 0, [512, 1, 64], [16, 128], [200, 10, 10, 1]], [17, [16, 128], [[[1, 0, (-6, 26), (6, 5), [198, 10, 10, 1], 0, 64, 1], None], [[0, 1, (6, -26), (-6, -5), [132, 64, 10, 1], 48, 64, 1], None]]]]
[1, 1, [256, 0, [512, 1, 64], [16, 128], [200, 10, 10, 1]], [18, [16, 128], [[[1, 0, (0, 30), (6, 4), [198, 10, 10, 1], 0, 64, 1], None], [[0, 1, (0, -30), (-6, -4), [132, 64, 10, 1], 38, 64, 1], None]]]]
[1, 1, [256, 0, [512, 1, 64], [16, 128], [200, 10, 10, 1]], [19, [16, 128], [[[1, 0, (6, 33), (6, 3), [198, 10, 10, 1], 0, 64, 1], None], [[0, 1, (-6, -33), (-6, -3), [132, 64, 10, 1], 28, 64, 1], None]]]]
[1, 1, [256, 0, [512, 1, 64], [16, 128], [200, 10, 10, 1]], [20, [16, 128], [[[1, 0, (12, 35), (6, 2), [198, 10, 10, 1], 0, 64, 1], None], [[0, 1, (-12, -35), (-6, -2), [132, 64, 10, 1], 18, 64, 1], None]]]]
[1, 1, [256, 0, [512, 1, 64], [16, 128], [200, 10, 10, 1]], [21, [16, 128], [[[1, 0, (18, 36), (6, 1), [198, 10, 10, 1], 0, 64, 1], None], [[0, 1, (-18, -36), (-6, -1), [132, 64, 10, 1], 8, 64, 1], None]]]]
[1, 1, [256, 0, [512, 1, 64], [16, 128], [200, 10, 10, 1]], [22, [16, 128], [[[1, 0, (24, 36), (6, 0), [198, 10, 10, 1], 0, 64, 1], None], [[0, 1, (-24, -36), (-6, 0), [132, 64, 10, 1], 62, 64, 1], [[2, (24, 36), 64, 0, 4]]]]]]
[1, 1, [256, 0, [512, 1, 64], [16, 128], [200, 10, 10, 1]], [23, [16, 128], [[[1, 0, (30, 35), (6, -1), [198, 10, 10, 1], 0, 64, 1], None], [[0, 1, (-30, -35), (-6, 1), [132, 64, 10, 1], 52, 64, 1], None]]]]
[1, 1, [256, 0, [512, 1, 64], [16, 128], [200, 10, 10, 1]], [24, [16, 128], [[[1, 0, (36, 33), (6, -2), [198, 10, 10, 1], 0, 64, 1], None], [[0, 1, (-36, -33), (-6, 2), [132, 64, 10, 1], 42, 64, 1], None]]]]
[1, 1, [256, 0, [512, 1, 64], [16, 128], [200, 10, 10, 1]], [25, [16, 128], [[[1, 0, (42, 31), (6, -2), [197, 10, 10, 1], 0, 64, 1], [[0, (-1, 0)]]], [[0, 1, (-42, -30), (-6, 3), [131, 64, 10, 1], 40, 64, 1], [[0, (1, -1)]]]]]]
[1, 1, [256, 0, [512, 1, 64], [16, 128], [200, 10, 10, 1]], [26, [16, 128], [[[1, 0, (47, 29), (5, -2), [197, 10, 10, 1], 0, 64, 1], None], [[0, 1, (-47, -27), (-5, 3), [131, 64, 10, 1], 30, 64, 1], None]]]]
[1, 1, [256, 0, [512, 1, 64], [16, 128], [200, 10, 10, 1]], [27, [16, 128], [[[1, 0, (52, 27), (5, -2), [196, 10, 10, 1], 0, 64, 1], [[0, (-1, 0)]]], [[0, 1, (-51, -23), (-4, 4), [130, 64, 10, 1], 28, 64, 1], [[0, (0, -1)]]]]]]
[1, 1, [256, 0, [512, 1, 64], [16, 128], [200, 10, 10, 1]], [28, [16, 128], [[[1, 0, (57, 25), (5, -2), [195, 10, 10, 1], 0, 64, 1], [[0, (-1, 0)]]], [[0, 1, (-54, -19), (-3, 4), [130, 64, 10, 1], 18, 64, 1], None]]]]
[1, 1, [256, 0, [512, 1, 64], [16, 128], [200, 10, 10, 1]], [29, [16, 128], [[[1, 0, (61, 23), (4, -2), [195, 10, 10, 1], 0, 64, 1], None], [[0, 1, (-56, -15), (-2, 4), [130, 64, 10, 1], 8, 64, 1], None]]]]
[1, 1, [256, 0, [512, 1, 64], [16, 128], [200, 10, 10, 1]], [30, [16, 128], [[[1, 0, (65, 21), (4, -2), [194, 10, 10, 1], 0, 64, 1], [[0, (-1, 0)]]], [[0, 1, (-57, -11), (-1, 4), [130, 64, 10, 1], 0, 64, 1], None]]]]
[1, 1, [256, 0, [512, 1, 64], [16, 128], [200, 10, 10, 1]], [31, [16, 128], [[[1, 0, (69, 19), (4, -2), [193, 10, 10, 1], 0, 64, 1], [[0, (-1, 0)]]], [[0, 1, (-57, -7), (0, 4), [130, 64, 10, 1], 0, 64, 1], None]]]]
[1, 1, [256, 0, [512, 1, 64], [16, 128], [200, 10, 10, 1]], [32, [16, 128], [[[1, 0, (72, 17), (3, -2), [193, 10, 10, 1], 0, 64, 1], None], [[0, 1, (-56, -3), (1, 4), [130, 64, 10, 1], 0, 64, 1], None]]]]
[1, 1, [256, 0, [512, 1, 64], [16, 128], [200, 10, 10, 1]], [33, [16, 128], [[[1, 0, (75, 15), (3, -2), [192, 10, 10, 1], 0, 64, 1], [[0, (-1, 0)]]], [[0, 1, (-54, 1), (2, 4), [130, 64, 10, 1], 0, 64, 1], None]]]]
[1, 1, [256, 0, [512, 1, 64], [16, 128], [200, 10, 10, 1]], [34, [16, 128], [[[1, 0, (78, 13), (3, -2), [191, 10, 10, 1], 0, 64, 1], [[0, (-1, 0)]]], [[0, 1, (-51, 5), (3, 4), [130, 64, 10, 1], 0, 64, 1], None]]]]
[1, 1, [256, 0, [512, 1, 64], [16, 128], [200, 10, 10, 1]], [35, [16, 128], [[[1, 0, (81, 11), (3, -2), [190, 10, 10, 1], 0, 64, 1], [[0, (-1, 0)]]], [[0, 1, (-47, 9), (4, 4), [130, 64, 10, 1], 0, 64, 1], None]]]]
[1, 1, [256, 0, [512, 1, 64], [16, 128], [200, 10, 10, 1]], [36, [16, 128], [[[1, 0, (83, 9), (2, -2), [190, 10, 10, 1], 0, 64, 1], None], [[0, 1, (-42, 13), (5, 4), [130, 64, 10, 1], 0, 64, 1], None]]]]
[1, 1, [256, 0, [512, 1, 64], [16, 128], [200, 10, 10, 1]], [37, [16, 128], [[[1, 0, (84, 7), (1, -2), [190, 10, 10, 1], 0, 64, 1], None], [[0, 1, (-36, 17), (6, 4), [130, 64, 10, 1], 0, 64, 1], None]]]]
[1, 1, [256, 0, [512, 1, 64], [16, 128], [200, 10, 10, 1]], [38, [16, 128], [[[1, 0, (84, 5), (0, -2), [190, 10, 10, 1], 0, 64, 1], None], [[0, 1, (-29, 21), (7, 4), [130, 64, 10, 1], 0, 64, 1], None]]]]
[1, 1, [256, 0, [512, 1, 64], [16, 128], [200, 10, 10, 1]], [39, [16, 128], [[[1, 0, (84, 2), (0, -3), [189, 10, 10, 1], 0, 64, 1], [[0, (-1, 1)]]], [[0, 1, (-21, 25), (8, 4), [130, 64, 10, 1], 0, 64, 1], None]]]]
[1, 1, [256, 0, [512, 1, 64], [16, 128], [200, 10, 10, 1]], [40, [16, 128], [[[1, 0, (83, -1), (-1, -3), [189, 10, 10, 1], 0, 64, 1], None], [[0, 1, (-13, 28), (8, 3), [130, 64, 10, 1], 0, 64, 1], None]]]]
[1, 1, [256, 0, [512, 1, 64], [16, 128], [200, 10, 10, 1]], [41, [16, 128], [[[1, 0, (81, -4), (-2, -3), [189, 10, 10, 1], 0, 64, 1], None], [[0, 1, (-5, 30), (8, 2), [130, 64, 10, 1], 0, 64, 1], None]]]]
[1, 1, [256, 0, [512, 1, 64], [16, 128], [200, 10, 10, 1]], [42, [16, 128], [[[1, 0, (78, -7), (-3, -3), [189, 10, 10, 1], 0, 64, 1], None], [[0, 1, (2, 32), (7, 2), [129, 64, 10, 1], 0, 64, 1], [[0, (1, -1)]]]]]]
[1, 1, [256, 0, [512, 1, 64], [16, 128], [200, 10, 10, 1]], [43, [16, 128], [[[1, 0, (74, -10), (-4, -3), [189, 10, 10, 1], 0, 64, 1], None], [[0, 1, (9, 33), (7, 1), [129, 64, 10, 1], 0, 64, 1], None]]]]
[1, 1, [256, 0, [512, 1, 64], [16, 128], [200, 10, 10, 1]], [44, [16, 128], [[[1, 0, (69, -13), (-5, -3), [173, 10, 10, 1], 64, 64, 1], None], [[0, 1, (16, 33), (7, 0), [129, 64, 10, 1], 54, 64, 1], [[2, (69, -13), 64, 90, 4]]]]]]
[1, 1, [256, 0, [512, 1, 64], [16, 128], [200, 10, 10, 1]], [45, [16, 128], [[[1, 0, (64, -15), (-5, -2), [172, 10, 10, 1], 62, 64, 1], [[0, (-1, -1)]]], [[0, 1, (23, 32), (7, -1), [129, 64, 10, 1], 44, 64, 1], None]]]]
[1, 1, [256, 0, [512, 1, 64], [16, 128], [200, 10, 10, 1]], [46, [16, 128], [[[1, 0, (58, -17), (-6, -2), [172, 10, 10, 1], 52, 64, 1], None], [[0, 1, (30, 30), (7, -2), [129, 64, 10, 1], 34, 64, 1], None]]]]
[1, 1, [256, 0, [512, 1, 64], [16, 128], [200, 10, 10, 1]], [47, [16, 128], [[[1, 0, (51, -19), (-7, -2), [172, 10, 10, 1], 42, 64, 1], None], [[0, 1, (36, 27), (6, -3), [129, 64, 10, 1], 24, 64, 1], None]]]]
[1, 1, [256, 0, [512, 1, 64], [16, 128], [200, 10, 10, 1]], [48, [16, 128], [[[1, 0, (43, -21), (-8, -2), [172, 10, 10, 1], 32, 64, 1], None], [[0, 1, (42, 24), (6, -3), [128, 64, 10, 1], 22, 64, 1], [[0, (-1, 0)]]]]]]
[1, 1, [256, 0, [512, 1, 64], [16, 128], [200, 10, 10, 1]], [49, [16, 128], [[[1, 0, (34, -23), (-9, -2), [172, 10, 10, 1], 22, 64, 1], None], [[0, 1, (47, 21), (5, -3), [128, 64, 10, 1], 12, 64, 1], None]]]]
[1, 1, [256, 0, [512, 1, 64], [16, 128], [200, 10, 10, 1]], [50, [16, 128], [[[1, 0, (24, -25), (-10, -2), [172, 10, 10, 1], 12, 64, 1], None], [[0, 1, (51, 18), (4, -3), [128, 64, 10, 1], 2, 64, 1], None]]]]
[1, 1, [256, 0, [512, 1, 64], [16, 128], [200, 10, 10, 1]], [51, [16, 128], [[[1, 0, (15, -26), (-9, -1), [171, 10, 10, 1], 45, 64, 1], [[0, (-1, 0)]]], [[0, 1, (54, 15), (3, -3), [128, 64, 10, 1], 56, 64, 1], [[2, (14, -26), 64, 143, 4]]]]]]
[1, 1, [256, 0, [512, 1, 64], [16, 128], [200, 10, 10, 1]], [52, [16, 128], [[[1, 0, (6, -26), (-9, 0), [171, 10, 10, 1], 35, 64, 1], None], [[0, 1, (56, 12), (2, -3), [128, 64, 10, 1], 46, 64, 1], None]]]]
[1, 1, [256, 0, [512, 1, 64], [16, 128], [200, 10, 10, 1]], [53, [16, 128], [[[1, 0, (-3, -25), (-9, 1), [171, 10, 10, 1], 25, 64, 1], None], [[0, 1, (57, 9), (1, -3), [128, 64, 10, 1], 36, 64, 1], None]]]]
[1, 1, [256, 0, [512, 1, 64], [16, 128], [200, 10, 10, 1]], [54, [16, 128], [[[1, 0, (-12, -23), (-9, 2), [171, 10, 10, 1], 15, 64, 1], None], [[0, 1, (57, 6), (0, -3), [128, 64, 10, 1], 26, 64, 1], None]]]]
[1, 1, [256, 0, [512, 1, 64], [16, 128], [200, 10, 10, 1]], [55, [16, 128], [[[1, 0, (-21, -20), (-9, 3), [171, 10, 10, 1], 5, 64, 1], None], [[0, 1, (56, 3), (-1, -3), [128, 64, 10, 1], 16, 64, 1], None]]]]
[1, 1, [256, 0, [512, 1, 64], [16, 128], [200, 10, 10, 1]], [56, [16, 128], [[[1, 0, (-29, -17), (-8, 3), [171, 10, 10, 1], 0, 64, 1], None], [[0, 1, (54, 0), (-2, -3), [128, 64, 10, 1], 6, 64, 1], None]]]]
[1, 1, [256, 0, [512, 1, 64], [16, 128], [200, 10, 10, 1]], [57, [16, 128], [[[1, 0, (-36, -14), (-7, 3), [171, 10, 10, 1], 0, 64, 1], None], [[0, 1, (51, -3), (-3, -3), [128, 64, 10, 1], 0, 64, 1], None]]]]
[1, 1, [256, 0, [512, 1, 64], [16, 128], [200, 10, 10, 1]], [58, [16, 128], [[[1, 0, (-42, -11), (-6, 3), [171, 10, 10, 1], 0, 64, 1], None], [[0, 1, (47, -6), (-4, -3), [128, 64, 10, 1], 0, 64, 1], None]]]]
[1, 1, [256, 0, [512, 1, 64], [16, 128], [200, 10, 10, 1]], [59, [16, 128], [[[1, 0, (-47, -8), (-5, 3), [171, 10, 10, 1], 0, 64, 1], None], [[0, 1, (42, -9), (-5, -3), [128, 64, 10, 1], 0, 64, 1], None]]]]
[1, 1, [256, 0, [512, 1, 64], [16, 128], [200, 10, 10, 1]], [60, [16, 128], [[[1, 0, (-51, -5), (-4, 3), [171, 10, 10, 1], 0, 64, 1], None], [[0, 1, (36, -12), (-6, -3), [128, 64, 10, 1], 0, 64, 1], None]]]]
[1, 1, [256, 0, [512, 1, 64], [16, 128], [200, 10, 10, 1]], [61, [16, 128], [[[1, 0, (-54, -2), (-3, 3), [171, 10, 10, 1], 0, 64, 1], None], [[0, 1, (29, -15), (-7, -3), [128, 64, 10, 1], 0, 64, 1], None]]]]
