[1, 0, [256, 0, [512, 1, 64], [16, 128], [200, 10, 10, 1]], None]
[1, 1, [256, 0, [512, 1, 64], [16, 128], [200, 10, 10, 1]], [0, [16, 128], [[[1, 0, (4, -48), (0, 0), [200, 10, 10, 1], 0, 64, 1], None], [[0, 1, (-4, 48), (0, 0), [134, 64, 10, 1], 0, 64, 1], None]]]]
[1, 1, [256, 0, [512, 1, 64], [16, 128], [200, 10, 10, 1]], [1, [16, 128], [[[1, 0, (5, -48), (1, 0), [199, 10, 10, 1], 0, 64, 1], [[0, (-1, 1)]]], [[0, 1, (-5, 48), (-1, 0), [133, 64, 10, 1], 0, 64, 1], [[0, (1, -1)]]]]]]
[1, 1, [256, 0, [512, 1, 64], [16, 128], [200, 10, 10, 1]], [2, [16, 128], [[[1, 0, (7, -47), (2, 1), [198, 10, 10, 1], 0, 64, 1], [[0, (-1, 0)]]], [[0, 1, (-7, 47), (-2, -1), [132, 64, 10, 1], 0, 64, 1], [[0, (1, 0)]]]]]]
[1, 1, [256, 0, [512, 1, 64], [16, 128], [200, 10, 10, 1]], [3, [16, 128], [[[1, 0, (9, -45), (2, 2), [198, 10, 10, 1], 0, 64, 1], None], [[0, 1, (-9, 45), (-2, -2), [132, 64, 10, 1], 0, 64, 1], None]]]]
[1, 1, [256, 0, [512, 1, 64], [16, 128], [200, 10, 10, 1]], [4, [16, 128], [[[1, 0, (11, -42), (2, 3), [198, 10, 10, 1], 0, 64, 1], None], [[0, 1, (-11, 42), (-2, -3), [132, 64, 10, 1], 0, 64, 1], None]]]]
[1, 1, [256, 0, [512, 1, 64], [16, 128], [200, 10, 10, 1]], [5, [16, 128], [[[1, 0, (13, -38), (2, 4), [198, 10, 10, 1], 0, 64, 1], None], [[0, 1, (-13, 38), (-2, -4), [132, 64, 10, 1], 0, 64, 1], None]]]]
[1, 1, [256, 0, [512, 1, 64], [16, 128], [200, 10, 10, 1]], [6, [16, 128], [[[1, 0, (15, -33), (2, 5), [198, 10, 10, 1], 0, 64, 1], None], [[0, 1, (-15, 33), (-2, -5), [132, 64, 10, 1], 54, 64, 1], [[2, (15, -33), 64, 0, 4]]]]]]
[1, 1, [256, 0, [512, 1, 64], [16, 128], [200, 10, 10, 1]], [7, [16, 128], [[[1, 0, (17, -27), (2, 6), [198, 10, 10, 1], 0, 64, 1], None], [[0, 1, (-17, 27), (-2, -6), [132, 64, 10, 1], 44, 64, 1], None]]]]
[1, 1, [256, 0, [512, 1, 64], [16, 128], [200, 10, 10, 1]], [8, [16, 128], [[[1, 0, (19, -20), (2, 7), [198, 10, 10, 1], 0, 64, 1], None], [[0, 1, (-19, 20), (-2, -7), [132, 64, 10, 1], 34, 64, 1], None]]]]
[1, 1, [256, 0, [512, 1, 64], [16, 128], [200, 10, 10, 1]], [9, [16, 128], [[[1, 0, (21, -12), (2, 8), [198, 10, 10, 1], 0, 64, 1], None], [[0, 1, (-21, 12), (-2, -8), [132, 64, 10, 1], 24, 64, 1], None]]]]
[1, 1, [256, 0, [512, 1, 64], [16, 128], [200, 10, 10, 1]], [10, [16, 128], [[[1, 0, (22, -4), (1, 8), [198, 10, 10, 1], 0, 64, 1], None], [[0, 1, (-22, 4), (-1, -8), [132, 64, 10, 1], 14, 64, 1], None]]]]
[1, 1, [256, 0, [512, 1, 64], [16, 128], [200, 10, 10, 1]], [11, [16, 128], [[[1, 0, (22, 4), (0, 8), [198, 10, 10, 1], 0, 64, 1], None], [[0, 1, (-22, -4), (0, -8), [132, 64, 10, 1], 4, 64, 1], None]]]]
[1, 1, [256, 0, [512, 1, 64], [16, 128], [200, 10, 10, 1]], [12, [16, 128], [[[1, 0, (21, 12), (-1, 8), [198, 10, 10, 1], 0, 64, 1], None], [[0, 1, (-21, -12), (1, -8), [132, 64, 10, 1], 58, 64, 1], [[2, (21, 12), 64, 0, 4]]]]]]
[1, 1, [256, 0, [512, 1, 64], [16, 128], [200, 10, 10, 1]], [13, [16, 128], [[[1, 0, (19, 20), (-2, 8), [198, 10, 10, 1], 0, 64, 1], None], [[0, 1, (-19, -20), (2, -8), [132, 64, 10, 1], 48, 64, 1], None]]]]
[1, 1, [256, 0, [512, 1, 64], [16, 128], [200, 10, 10, 1]], [14, [16, 128], [[[1, 0, (17, 27), (-2, 7), [198, 10, 10, 1], 0, 64, 1], None], [[0, 1, (-17, -27), (2, -7), [132, 64, 10, 1], 38, 64, 1], None]]]]
[1, 1, [256, 0, [512, 1, 64], [16, 128], [200, 10, 10, 1]], [15, [16, 128], [[[1, 0, (15, 33), (-2, 6), [198, 10, 10, 1], 0, 64, 1], None], [[0, 1, (-15, -33), (2, -6), [132, 64, 10, 1], 28, 64, 1], None]]]]
[1, 1, [256, 0, [512, 1, 64], [16, 128], [200, 10, 10, 1]], [16, [16, 128], [[[1, 0, (13, 39), (-2, 6), [197, 10, 10, 1], 0, 64, 1], [[0, (0, -1)]]], [[0, 1, (-12, -38), (3, -5), [131, 64, 10, 1], 26, 64, 1], [[0, (-1, 0)]]]]]]
[1, 1, [256, 0, [512, 1, 64], [16, 128], [200, 10, 10, 1]], [17, [16, 128], [[[1, 0, (11, 44), (-2, 5), [197, 10, 10, 1], 0, 64, 1], None], [[0, 1, (-9, -42), (3, -4), [131, 64, 10, 1], 16, 64, 1], None]]]]
[1, 1, [256, 0, [512, 1, 64], [16, 128], [200, 10, 10, 1]], [18, [16, 128], [[[1, 0, (9, 49), (-2, 5), [196, 10, 10, 1], 0, 64, 1], [[0, (0, -1)]]], [[0, 1, (-6, -45), (3, -3), [131, 64, 10, 1], 6, 64, 1], None]]]]
[1, 1, [256, 0, [512, 1, 64], [16, 128], [200, 10, 10, 1]], [19, [16, 128], [[[1, 0, (7, 53), (-2, 4), [196, 10, 10, 1], 0, 64, 1], None], [[0, 1, (-3, -47), (3, -2), [131, 64, 10, 1], 0, 64, 1], None]]]]
[1, 1, [256, 0, [512, 1, 64], [16, 128], [200, 10, 10, 1]], [20, [16, 128], [[[1, 0, (5, 56), (-2, 3), [196, 10, 10, 1], 0, 64, 1], None], [[0, 1, (0, -48), (3, -1), [131, 64, 10, 1], 0, 64, 1], None]]]]
[1, 1, [256, 0, [512, 1, 64], [16, 128], [200, 10, 10, 1]], [21, [16, 128], [[[1, 0, (3, 58), (-2, 2), [196, 10, 10, 1], 0, 64, 1], None], [[0, 1, (3, -48), (3, 0), [131, 64, 10, 1], 0, 64, 1], None]]]]
[1, 1, [256, 0, [512, 1, 64], [16, 128], [200, 10, 10, 1]], [22, [16, 128], [[[1, 0, (1, 59), (-2, 1), [196, 10, 10, 1], 0, 64, 1], None], [[0, 1, (6, -47), (3, 1), [131, 64, 10, 1], 0, 64, 1], None]]]]
[1, 1, [256, 0, [512, 1, 64], [16, 128], [200, 10, 10, 1]], [23, [16, 128], [[[1, 0, (-1, 59), (-2, 0), [196, 10, 10, 1], 0, 64, 1], None], [[0, 1, (9, -45), (3, 2), [131, 64, 10, 1], 0, 64, 1], None]]]]
[1, 1, [256, 0, [512, 1, 64], [16, 128], [200, 10, 10, 1]], [24, [16, 128], [[[1, 0, (-4, 59), (-3, 0), [195, 10, 10, 1], 0, 64, 1], [[0, (1, -1)]]], [[0, 1, (12, -42), (3, 3), [131, 64, 10, 1], 0, 64, 1], None]]]]
[1, 1, [256, 0, [512, 1, 64], [16, 128], [200, 10, 10, 1]], [25, [16, 128], [[[1, 0, (-7, 58), (-3, -1), [195, 10, 10, 1], 0, 64, 1], None], [[0, 1, (15, -38), (3, 4), [131, 64, 10, 1], 0, 64, 1], None]]]]
[1, 1, [256, 0, [512, 1, 64], [16, 128], [200, 10, 10, 1]], [26, [16, 128], [[[1, 0, (-10, 56), (-3, -2), [195, 10, 10, 1], 0, 64, 1], None], [[0, 1, (18, -33), (3, 5), [131, 64, 10, 1], 0, 64, 1], None]]]]
[1, 1, [256, 0, [512, 1, 64], [16, 128], [200, 10, 10, 1]], [27, [16, 128], [[[1, 0, (-13, 53), (-3, -3), [195, 10, 10, 1], 0, 64, 1], None], [[0, 1, (21, -27), (3, 6), [131, 64, 10, 1], 0, 64, 1], None]]]]
[1, 1, [256, 0, [512, 1, 64], [16, 128], [200, 10, 10, 1]], [28, [16, 128], [[[1, 0, (-16, 49), (-3, -4), [195, 10, 10, 1], 0, 64, 1], None], [[0, 1, (24, -20), (3, 7), [131, 64, 10, 1], 0, 64, 1], None]]]]
[1, 1, [256, 0, [512, 1, 64], [16, 128], [200, 10, 10, 1]], [29, [16, 128], [[[1, 0, (-19, 44), (-3, -5), [195, 10, 10, 1], 46, 64, 1], None], [[0, 1, (26, -13), (2, 7), [131, 64, 10, 1], 54, 64, 1], [[2, (-19, 44), 64, 56, 4]]]]]]
[1, 1, [256, 0, [512, 1, 64], [16, 128], [200, 10, 10, 1]], [30, [16, 128], [[[1, 0, (-22, 38), (-3, -6), [195, 10, 10, 1], 36, 64, 1], None], [[0, 1, (27, -6), (1, 7), [131, 64, 10, 1], 44, 64, 1], None]]]]
[1, 1, [256, 0, [512, 1, 64], [16, 128], [200, 10, 10, 1]], [31, [16, 128], [[[1, 0, (-25, 31), (-3, -7), [195, 10, 10, 1], 26, 64, 1], None], [[0, 1, (27, 1), (0, 7), [131, 64, 10, 1], 34, 64, 1], None]]]]
[1, 1, [256, 0, [512, 1, 64], [16, 128], [200, 10, 10, 1]], [32, [16, 128], [[[1, 0, (-28, 23), (-3, -8), [195, 10, 10, 1], 16, 64, 1], None], [[0, 1, (26, 8), (-1, 7), [131, 64, 10, 1], 24, 64, 1], None]]]]
[1, 1, [256, 0, [512, 1, 64], [16, 128], [200, 10, 10, 1]], [33, [16, 128], [[[1, 0, (-30, 15), (-2, -8), [195, 10, 10, 1], 6, 64, 1], None], [[0, 1, (24, 15), (-2, 7), [131, 64, 10, 1], 14, 64, 1], None]]]]
[1, 1, [256, 0, [512, 1, 64], [16, 128], [200, 10, 10, 1]], [34, [16, 128], [[[1, 0, (-31, 7), (-1, -8), [195, 10, 10, 1], 0, 64, 1], None], [[0, 1, (21, 22), (-3, 7), [131, 64, 10, 1], 4, 64, 1], None]]]]
[1, 1, [256, 0, [512, 1, 64], [16, 128], [200, 10, 10, 1]], [35, [16, 128], [[[1, 0, (-31, -1), (0, -8), [195, 10, 10, 1], 0, 64, 1], None], [[0, 1, (18, 28), (-3, 6), [131, 64, 10, 1], 58, 64, 1], [[2, (-31, -1), 64, 0, 4]]]]]]
[1, 1, [256, 0, [512, 1, 64], [16, 128], [200, 10, 10, 1]], [36, [16, 128], [[[1, 0, (-30, -9), (1, -8), [195, 10, 10, 1], 0, 64, 1], None], [[0, 1, (15, 33), (-3, 5), [131, 64, 10, 1], 48, 64, 1], None]]]]
[1, 1, [256, 0, [512, 1, 64], [16, 128], [200, 10, 10, 1]], [37, [16, 128], [[[1, 0, (-28, -17), (2, -8), [195, 10, 10, 1], 0, 64, 1], None], [[0, 1, (12, 37), (-3, 4), [131, 64, 10, 1], 38, 64, 1], None]]]]
[1, 1, [256, 0, [512, 1, 64], [16, 128], [200, 10, 10, 1]], [38, [16, 128], [[[1, 0, (-25, -25), (3, -8), [195, 10, 10, 1], 0, 64, 1], None], [[0, 1, (9, 40), (-3, 3), [131, 64, 10, 1], 28, 64, 1], None]]]]
[1, 1, [256, 0, [512, 1, 64], [16, 128], [200, 10, 10, 1]], [39, [16, 128], [[[1, 0, (-21, -32), (4, -7), [195, 10, 10, 1], 0, 64, 1], None], [[0, 1, (6, 42), (-3, 2), [131, 64, 10, 1], 18, 64, 1], None]]]]
[1, 1, [256, 0, [512, 1, 64], [16, 128], [200, 10, 10, 1]], [40, [16, 128], [[[1, 0, (-17, -38), (4, -6), [195, 10, 10, 1], 0, 64, 1], None], [[0, 1, (3, 43), (-3, 1), [131, 64, 10, 1], 8, 64, 1], None]]]]
[1, 1, [256, 0, [512, 1, 64], [16, 128], [200, 10, 10, 1]], [41, [16, 128], [[[1, 0, (-13, -43), (4, -5), [195, 10, 10, 1], 0, 64, 1], None], [[0, 1, (0, 43), (-3, 0), [131, 64, 10, 1], 0, 64, 1], None]]]]
[1, 1, [256, 0, [512, 1, 64], [16, 128], [200, 10, 10, 1]], [42, [16, 128], [[[1, 0, (-9, -47), (4, -4), [195, 10, 10, 1], 0, 64, 1], None], [[0, 1, (-3, 42), (-3, -1), [131, 64, 10, 1], 0, 64, 1], None]]]]
[1, 1, [256, 0, [512, 1, 64], [16, 128], [200, 10, 10, 1]], [43, [16, 128], [[[1, 0, (-5, -50), (4, -3), [195, 10, 10, 1], 0, 64, 1], None], [[0, 1, (-6, 40), (-3, -2), [131, 64, 10, 1], 0, 64, 1], None]]]]
[1, 1, [256, 0, [512, 1, 64], [16, 128], [200, 10, 10, 1]], [44, [16, 128], [[[1, 0, (-1, -52), (4, -2), [195, 10, 10, 1], 0, 64, 1], None], [[0, 1, (-9, 37), (-3, -3), [131, 64, 10, 1], 0, 64, 1], None]]]]
[1, 1, [256, 0, [512, 1, 64], [16, 128], [200, 10, 10, 1]], [45, [16, 128], [[[1, 0, (3, -53), (4, -1), [195, 10, 10, 1], 0, 64, 1], None], [[0, 1, (-12, 33), (-3, -4), [131, 64, 10, 1], 0, 64, 1], None]]]]
[1, 1, [256, 0, [512, 1, 64], [16, 128], [200, 10, 10, 1]], [46, [16, 128], [[[1, 0, (7, -53), (4, 0), [195, 10, 10, 1], 0, 64, 1], None], [[0, 1, (-15, 28), (-3, -5), [131, 64, 10, 1], 0, 64, 1], None]]]]
[1, 1, [256, 0, [512, 1, 64], [16, 128], [200, 10, 10, 1]], [47, [16, 128], [[[1, 0, (11, -52), (4, 1), [195, 10, 10, 1], 0, 64, 1], None], [[0, 1, (-18, 22), (-3, -6), [131, 64, 10, 1], 0, 64, 1], None]]]]
[1, 1, [256, 0, [512, 1, 64], [16, 128], [200, 10, 10, 1]], [48, [16, 128], [[[1, 0, (15, -50), (4, 2), [195, 10, 10, 1], 0, 64, 1], None], [[0, 1, (-21, 15), (-3, -7), [131, 64, 10, 1], 54, 64, 1], [[2, (15, -50), 64, 0, 4]]]]]]
[1, 1, [256, 0, [512, 1, 64], [16, 128], [200, 10, 10, 1]], [49, [16, 128], [[[1, 0, (19, -47), (4, 3), [195, 10, 10, 1], 0, 64, 1], None], [[0, 1, (-23, 8), (-2, -7), [131, 64, 10, 1], 44, 64, 1], None]]]]
[1, 1, [256, 0, [512, 1, 64], [16, 128], [200, 10, 10, 1]], [50, [16, 128], [[[1, 0, (23, -43), (4, 4), [195, 10, 10, 1], 0, 64, 1], None], [[0, 1, (-24, 1), (-1, -7), [131, 64, 10, 1], 34, 64, 1], None]]]]
[1, 1, [256, 0, [512, 1, 64], [16, 128], [200, 10, 10, 1]], [51, [16, 128], [[[1, 0, (27, -38), (4, 5), [195, 10, 10, 1], 0, 64, 1], None], [[0, 1, (-24, -6), (0, -7), [131, 64, 10, 1], 24, 64, 1], None]]]]
[1, 1, [256, 0, [512, 1, 64], [16, 128], [200, 10, 10, 1]], [52, [16, 128], [[[1, 0, (31, -32), (4, 6), [195, 10, 10, 1], 0, 64, 1], None], [[0, 1, (-23, -13), (1, -7), [131, 64, 10, 1], 14, 64, 1], None]]]]
[1, 1, [256, 0, [512, 1, 64], [16, 128], [200, 10, 10, 1]], [53, [16, 128], [[[1, 0, (35, -25), (4, 7), [195, 10, 10, 1], 0, 64, 1], None], [[0, 1, (-21, -20), (2, -7), [131, 64, 10, 1], 4, 64, 1], None]]]]
[1, 1, [256, 0, [512, 1, 64], [16, 128], [200, 10, 10, 1]], [54, [16, 128], [[[1, 0, (38, -18), (3, 7), [193, 10, 10, 1], 64, 64, 1], None], [[0, 1, (-18, -27), (3, -7), [131, 64, 10, 1], 58, 64, 1], [[2, (38, -18), 64, 76, 4]]]]]]
[1, 1, [256, 0, [512, 1, 64], [16, 128], [200, 10, 10, 1]], [55, [16, 128], [[[1, 0, (40, -11), (2, 7), [193, 10, 10, 1], 54, 64, 1], None], [[0, 1, (-15, -33), (3, -6), [131, 64, 10, 1], 48, 64, 1], None]]]]
[1, 1, [256, 0, [512, 1, 64], [16, 128], [200, 10, 10, 1]], [56, [16, 128], [[[1, 0, (41, -4), (1, 7), [193, 10, 10, 1], 44, 64, 1], None], [[0, 1, (-12, -38), (3, -5), [131, 64, 10, 1], 38, 64, 1], None]]]]
[1, 1, [256, 0, [512, 1, 64], [16, 128], [200, 10, 10, 1]], [57, [16, 128], [[[1, 0, (41, 3), (0, 7), [193, 10, 10, 1], 34, 64, 1], None], [[0, 1, (-9, -42), (3, -4), [131, 64, 10, 1], 28, 64, 1], None]]]]
[1, 1, [256, 0, [512, 1, 64], [16, 128], [200, 10, 10, 1]], [58, [16, 128], [[[1, 0, (40, 10), (-1, 7), [193, 10, 10, 1], 24, 64, 1], None], [[0, 1, (-6, -45), (3, -3), [131, 64, 10, 1], 18, 64, 1], None]]]]
[1, 1, [256, 0, [512, 1, 64], [16, 128], [200, 10, 10, 1]], [59, [16, 128], [[[1, 0, (38, 17), (-2, 7), [193, 10, 10, 1], 14, 64, 1], None], [[0, 1, (-3, -47), (3, -2), [131, 64, 10, 1], 8, 64, 1], None]]]]
[1, 1, [256, 0, [512, 1, 64], [16, 128], [200, 10, 10, 1]], [60, [16, 128], [[[1, 0, (35, 24), (-3, 7), [193, 10, 10, 1], 4, 64, 1], None], [[0, 1, (0, -48), (3, -1), [131, 64, 10, 1], 62, 64, 1], [[2, (35, 24), 64, 0, 4]]]]]]
[1, 1, [256, 0, [512, 1, 64], [16, 128], [200, 10, 10, 1]], [61, [16, 128], [[[1, 0, (31, 31), (-4, 7), [193, 10, 10, 1], 0, 64, 1], None], [[0, 1, (3, -48), (3, 0), [131, 64, 10, 1], 52, 64, 1], None]]]]
[1, 1, [256, 0, [512, 1, 64], [16, 128], [200, 10, 10, 1]], [62, [16, 128], [[[1, 0, (26, 37), (-5, 6), [193, 10, 10, 1], 0, 64, 1], None], [[0, 1, (6, -47), (3, 1), [131, 64, 10, 1], 42, 64, 1], None]]]]
[1, 1, [256, 0, [512, 1, 64], [16, 128], [200, 10, 10, 1]], [63, [16, 128], [[[1, 0, (21, 42), (-5, 5), [193, 10, 10, 1], 0, 64, 1], None], [[0, 1, (9, -45), (3, 2), [131, 64, 10, 1], 32, 64, 1], None]]]]
[1, 1, [256, 0, [512, 1, 64], [16, 128], [200, 10, 10, 1]], [64, [16, 128], [[[1, 0, (16, 46), (-5, 4), [193, 10, 10, 1], 0, 64, 1], None], [[0, 1, (12, -42), (3, 3), [131, 64, 10, 1], 22, 64, 1], None]]]]
[1, 1, [256, 0, [512, 1, 64], [16, 128], [200, 10, 10, 1]], [65, [16, 128], [[[1, 0, (11, 49), (-5, 3), [193, 10, 10, 1], 0, 64, 1], None], [[0, 1, (15, -38), (3, 4), [131, 64, 10, 1], 12, 64, 1], None]]]]
[1, 1, [256, 0, [512, 1, 64], [16, 128], [200, 10, 10, 1]], [66, [16, 128], [[[1, 0, (6, 51), (-5, 2), [193, 10, 10, 1], 0, 64, 1], None], [[0, 1, (18, -33), (3, 5), [131, 64, 10, 1], 2, 64, 1], None]]]]
[1, 1, [256, 0, [512, 1, 64], [16, 128], [200, 10, 10, 1]], [67, [16, 128], [[[1, 0, (1, 52), (-5, 1), [193, 10, 10, 1], 0, 64, 1], None], [[0, 1, (21, -27), (3, 6), [131, 64, 10, 1], 0, 64, 1], None]]]]
[1, 1, [256, 0, [512, 1, 64], [16, 128], [200, 10, 10, 1]], [68, [16, 128], [[[1, 0, (-4, 52), (-5, 0), [193, 10, 10, 1], 0, 64, 1], None], [[0, 1, (24, -20), (3, 7), [131, 64, 10, 1], 54, 64, 1], [[2, (-4, 52), 64, 0, 4]]]]]]
[1, 1, [256, 0, [512, 1, 64], [16, 128], [200, 10, 10, 1]], [69, [16, 128], [[[1, 0, (-9, 51), (-5, -1), [193, 10, 10, 1], 0, 64, 1], None], [[0, 1, (26, -13), (2, 7), [131, 64, 10, 1], 44, 64, 1], None]]]]
[1, 1, [256, 0, [512, 1, 64], [16, 128], [200, 10, 10, 1]], [70, [16, 128], [[[1, 0, (-14, 49), (-5, -2), [193, 10, 10, 1], 0, 64, 1], None], [[0, 1, (27, -6), (1, 7), [131, 64, 10, 1], 34, 64, 1], None]]]]
[1, 1, [256, 0, [512, 1, 64], [16, 128], [200, 10, 10, 1]], [71, [16, 128], [[[1, 0, (-19, 46), (-5, -3), [193, 10, 10, 1], 0, 64, 1], None], [[0, 1, (27, 1), (0, 7), [131, 64, 10, 1], 24, 64, 1], None]]]]
[1, 1, [256, 0, [512, 1, 64], [16, 128], [200, 10, 10, 1]], [72, [16, 128], [[[1, 0, (-24, 42), (-5, -4), [193, 10, 10, 1], 0, 64, 1], None], [[0, 1, (26, 8), (-1, 7), [131, 64, 10, 1], 14, 64, 1], None]]]]
[1, 1, [256, 0, [512, 1, 64], [16, 128], [200, 10, 10, 1]], [73, [16, 128], [[[1, 0, (-29, 37), (-5, -5), [193, 10, 10, 1], 0, 64, 1], None], [[0, 1, (24, 15), (-2, 7), [131, 64, 10, 1], 4, 64, 1], None]]]]
[1, 1, [256, 0, [512, 1, 64], [16, 128], [200, 10, 10, 1]], [74, [16, 128], [[[1, 0, (-34, 31), (-5, -6), [191, 10, 10, 1], 64, 64, 1], None], [[0, 1, (21, 22), (-3, 7), [131, 64, 10, 1], 58, 64, 1], [[2, (-34, 31), 64, 76, 4]]]]]]
[1, 1, [256, 0, [512, 1, 64], [16, 128], [200, 10, 10, 1]], [75, [16, 128], [[[1, 0, (-38, 25), (-4, -6), [191, 10, 10, 1], 54, 64, 1], None], [[0, 1, (18, 28), (-3, 6), [131, 64, 10, 1], 48, 64, 1], None]]]]
[1, 1, [256, 0, [512, 1, 64], [16, 128], [200, 10, 10, 1]], [76, [16, 128], [[[1, 0, (-41, 19), (-3, -6), [191, 10, 10, 1], 44, 64, 1], None], [[0, 1, (15, 33), (-3, 5), [131, 64, 10, 1], 38, 64, 1], None]]]]
[1, 1, [256, 0, [512, 1, 64], [16, 128], [200, 10, 10, 1]], [77, [16, 128], [[[1, 0, (-43, 13), (-2, -6), [191, 10, 10, 1], 34, 64, 1], None], [[0, 1, (12, 37), (-3, 4), [131, 64, 10, 1], 28, 64, 1], None]]]]
[1, 1, [256, 0, [512, 1, 64], [16, 128], [200, 10, 10, 1]], [78, [16, 128], [[[1, 0, (-44, 7), (-1, -6), [191, 10, 10, 1], 24, 64, 1], None], [[0, 1, (9, 40), (-3, 3), [131, 64, 10, 1], 18, 64, 1], None]]]]
[1, 1, [256, 0, [512, 1, 64], [16, 128], [200, 10, 10, 1]], [79, [16, 128], [[[1, 0, (-44, 1), (0, -6), [191, 10, 10, 1], 14, 64, 1], None], [[0, 1, (6, 42), (-3, 2), [131, 64, 10, 1], 8, 64, 1], None]]]]
[1, 1, [256, 0, [512, 1, 64], [16, 128], [200, 10, 10, 1]], [80, [16, 128], [[[1, 0, (-43, -5), (1, -6), [122, 10, 10, 1], 64, 64, 1], None], [[0, 1, (3, 43), (-3, 1), [131, 64, 10, 1], 62, 64, 1], [[2, (-43, -5), 64, 129, 4]]]]]]
[1, 1, [256, 0, [512, 1, 64], [16, 128], [200, 10, 10, 1]], [81, [16, 128], [[[1, 0, (-41, -11), (2, -6), [122, 10, 10, 1], 54, 64, 1], None], [[0, 1, (0, 43), (-3, 0), [131, 64, 10, 1], 52, 64, 1], None]]]]
[1, 1, [256, 0, [512, 1, 64], [16, 128], [200, 10, 10, 1]], [82, [16, 128], [[[1, 0, (-38, -17), (3, -6), [122, 10, 10, 1], 44, 64, 1], None], [[0, 1, (-3, 42), (-3, -1), [131, 64, 10, 1], 42, 64, 1], None]]]]
[1, 1, [256, 0, [512, 1, 64], [16, 128], [200, 10, 10, 1]], [83, [16, 128], [[[1, 0, (-34, -23), (4, -6), [122, 10, 10, 1], 34, 64, 1], None], [[0, 1, (-6, 40), (-3, -2), [131, 64, 10, 1], 32, 64, 1], None]]]]
[1, 1, [256, 0, [512, 1, 64], [16, 128], [200, 10, 10, 1]], [84, [16, 128], [[[1, 0, (-29, -29), (5, -6), [122, 10, 10, 1], 24, 64, 1], None], [[0, 1, (-9, 37), (-3, -3), [131, 64, 10, 1], 22, 64, 1], None]]]]
[1, 1, [256, 0, [512, 1, 64], [16, 128], [200, 10, 10, 1]], [85, [16, 128], [[[1, 0, (-23, -34), (6, -5), [122, 10, 10, 1], 14, 64, 1], None], [[0, 1, (-12, 33), (-3, -4), [131, 64, 10, 1], 12, 64, 1], None]]]]
[1, 1, [256, 0, [512, 1, 64], [16, 128], [200, 10, 10, 1]], [86, [16, 128], [[[1, 0, (-17, -38), (6, -4), [122, 10, 10, 1], 4, 64, 1], None], [[0, 1, (-15, 28), (-3, -5), [131, 64, 10, 1], 2, 64, 1], None]]]]
[1, 1, [256, 0, [512, 1, 64], [16, 128], [200, 10, 10, 1]], [87, [16, 128], [[[1, 0, (-11, -41), (6, -3), [104, 10, 10, 1], 64, 64, 1], None], [[0, 1, (-18, 22), (-3, -6), [131, 64, 10, 1], 56, 64, 1], [[2, (-11, -41), 64, 88, 4]]]]]]
[1, 1, [256, 0, [512, 1, 64], [16, 128], [200, 10, 10, 1]], [88, [16, 128], [[[1, 0, (-5, -43), (6, -2), [104, 10, 10, 1], 54, 64, 1], None], [[0, 1, (-21, 15), (-3, -7), [131, 64, 10, 1], 46, 64, 1], None]]]]
[1, 1, [256, 0, [512, 1, 64], [16, 128], [200, 10, 10, 1]], [89, [16, 128], [[[1, 0, (1, -44), (6, -1), [104, 10, 10, 1], 44, 64, 1], None], [[0, 1, (-23, 8), (-2, -7), [131, 64, 10, 1], 36, 64, 1], None]]]]
[1, 1, [256, 0, [512, 1, 64], [16, 128], [200, 10, 10, 1]], [90, [16, 128], [[[1, 0, (7, -44), (6, 0), [104, 10, 10, 1], 34, 64, 1], None], [[0, 1, (-24, 1), (-1, -7), [131, 64, 10, 1], 26, 64, 1], None]]]]
[1, 1, [256, 0, [512, 1, 64], [16, 128], [200, 10, 10, 1]], [91, [16, 128], [[[1, 0, (13, -43), (6, 1), [104, 10, 10, 1], 24, 64, 1], None], [[0, 1, (-24, -6), (0, -7), [131, 64, 10, 1], 16, 64, 1], None]]]]
[1, 1, [256, 0, [512, 1, 64], [16, 128], [200, 10, 10, 1]], [92, [16, 128], [[[1, 0, (19, -41), (6, 2), [104, 10, 10, 1], 14, 64, 1], None], [[0, 1, (-23, -13), (1, -7), [131, 64, 10, 1], 6, 64, 1], None]]]]
[1, 1, [256, 0, [512, 1, 64], [16, 128], [200, 10, 10, 1]], [93, [16, 128], [[[1, 0, (25, -38), (6, 3), [104, 10, 10, 1], 4, 64, 1], None], [[0, 1, (-21, -20), (2, -7), [131, 64, 10, 1], 60, 64, 1], [[2, (25, -38), 64, 0, 4]]]]]]
