join: [1, 0, [256, 0, [512, 1, 64], [16, 128], [64, 48, 14, 1]], None]
start: [1, 1, [256, 0, [512, 1, 64], [16, 128], [64, 48, 14, 1]], [0, [16, 128], [[[1, 0, (32, 48), (0, 0), [64, 48, 14, 1], 0, 64, 1], None], [[0, 1, (-32, -48), (0, 0), [100, 10, 10, 1], 0, 64, 1], None]]]]
commands: [1, 1, [256, 0, [512, 1, 64], [16, 128], [64, 48, 14, 1]], [1, [16, 128], [[[1, 0, (32, 47), (0, -1), [64, 48, 14, 1], 34, 64, 1], [[2, (-32, -48), 48, 0, 4]]], [[0, 1, (-32, -47), (0, 1), [100, 10, 10, 1], 0, 64, 1], None]]]]
commands: [1, 1, [256, 0, [512, 1, 64], [16, 128], [64, 48, 14, 1]], [2, [16, 128], [[[1, 0, (32, 45), (0, -2), [60, 48, 14, 1], 64, 64, 1], [[2, (-32, -46), 48, 0, 4]]], [[0, 1, (-33, -46), (-1, 1), [99, 10, 10, 1], 0, 64, 1], [[0, (1, 1)]]]]]]
commands: [1, 1, [256, 0, [512, 1, 64], [16, 128], [64, 48, 14, 1]], [3, [16, 128], [[[1, 0, (32, 42), (0, -3), [26, 48, 14, 1], 64, 64, 1], [[2, (-34, -45), 48, 0, 4]]], [[0, 1, (-35, -45), (-2, 1), [98, 10, 10, 1], 0, 64, 1], [[0, (1, 1)]]]]]]
commands: [1, 1, [256, 0, [512, 1, 64], [16, 128], [64, 48, 14, 1]], [4, [16, 128], [[[1, 0, (32, 38), (0, -4), [0, 40, 14, 1], 64, 64, 1], [[2, (-37, -44), 48, 18, 4]]], [[0, 1, (-38, -44), (-3, 1), [97, 10, 10, 1], 2, 64, 1], [[0, (1, 1)]]]]]]
commands: [1, 1, [256, 0, [512, 1, 64], [16, 128], [64, 48, 14, 1]], [5, [16, 128], [[[1, 0, (32, 33), (0, -5), [0, 14, 14, 1], 64, 64, 1], [[2, (-41, -43), 40, 36, 4]]], [[0, 1, (-42, -43), (-4, 1), [96, 10, 10, 1], 9, 64, 1], [[0, (1, 1)]]]]]]
commands: [1, 1, [256, 0, [512, 1, 64], [16, 128], [64, 48, 14, 1]], [6, [16, 128], [[[1, 0, (32, 27), (0, -6), [0, 14, 14, 1], 64, 64, 1], [[2, (-46, -42), 14, 0, 4]]], [[0, 1, (-47, -42), (-5, 1), [95, 10, 10, 1], 7, 64, 1], [[0, (1, 1)]]]]]]
commands: [1, 1, [256, 0, [512, 1, 64], [16, 128], [64, 48, 14, 1]], [7, [16, 128], [[[1, 0, (31, 21), (-1, -6), [0, 14, 14, 1], 64, 64, 1], [[2, (-52, -41), 14, 0, 4]]], [[0, 1, (-52, -42), (-5, 0), [94, 10, 10, 1], 5, 64, 1], [[0, (1, 1)]]]]]]
commands: [1, 1, [256, 0, [512, 1, 64], [16, 128], [64, 48, 14, 1]], [8, [16, 128], [[[1, 0, (29, 15), (-2, -6), [0, 14, 14, 1], 64, 64, 1], [[2, (-57, -42), 14, 0, 4]]], [[0, 1, (-56, -42), (-4, 0), [94, 10, 10, 1], 0, 64, 1], None]]]]
commands: [1, 1, [256, 0, [512, 1, 64], [16, 128], [64, 48, 14, 1]], [9, [16, 128], [[[1, 0, (26, 9), (-3, -6), [0, 14, 14, 1], 64, 64, 1], [[2, (-60, -42), 14, 0, 4]]], [[0, 1, (-59, -42), (-3, 0), [94, 10, 10, 1], 0, 64, 1], None]]]]
commands: [1, 1, [256, 0, [512, 1, 64], [16, 128], [64, 48, 14, 1]], [10, [16, 128], [[[1, 0, (22, 3), (-4, -6), [0, 14, 14, 1], 64, 64, 1], [[2, (-62, -42), 14, 0, 4]]], [[0, 1, (-61, -42), (-2, 0), [94, 10, 10, 1], 0, 64, 1], None]]]]
commands: [1, 1, [256, 0, [512, 1, 64], [16, 128], [64, 48, 14, 1]], [11, [16, 128], [[[1, 0, (17, -3), (-5, -6), [0, 14, 14, 1], 64, 64, 1], [[2, (-63, -42), 14, 0, 4]]], [[0, 1, (-62, -42), (-1, 0), [94, 10, 10, 1], 0, 64, 1], None]]]]
commands: [1, 2, [256, 0, [512, 1, 64], [16, 128], [64, 48, 14, 1]], [12, [16, 128], [[[1, 0, (11, -9), (-6, -6), [0, 0, 0, 0], 64, 64, 1], None], [[0, 1, (-62, -42), (0, 0), [94, 10, 10, 1], 0, 64, 1], None]]]]
