[1, 0, [256, 0, [512, 1, 64], [16, 128], [200, 10, 10, 1]], None]
[1, 1, [256, 0, [512, 1, 64], [16, 128], [200, 10, 10, 1]], [0, [16, 128], [[[1, 0, (48, 12), (0, 0), [200, 10, 10, 1], 0, 64, 1], None], [[0, 1, (-48, -12), (0, 0), [134, 64, 10, 1], 0, 64, 1], None]]]]
[1, 1, [256, 0, [512, 1, 64], [16, 128], [200, 10, 10, 1]], [1, [16, 128], [[[1, 0, (47, 12), (-1, 0), [200, 10, 10, 1], 0, 64, 1], None], [[0, 1, (-47, -13), (1, -1), [133, 64, 10, 1], 0, 64, 1], [[0, (0, 1)]]]]]]
[1, 1, [256, 0, [512, 1, 64], [16, 128], [200, 10, 10, 1]], [2, [16, 128], [[[1, 0, (46, 13), (-1, 1), [199, 10, 10, 1], 0, 64, 1], [[0, (-1, -1)]]], [[0, 1, (-45, -14), (2, -1), [133, 64, 10, 1], 0, 64, 1], None]]]]
[1, 1, [256, 0, [512, 1, 64], [16, 128], [200, 10, 10, 1]], [3, [16, 128], [[[1, 0, (45, 15), (-1, 2), [198, 10, 10, 1], 0, 64, 1], [[0, (-1, -1)]]], [[0, 1, (-42, -15), (3, -1), [133, 64, 10, 1], 0, 64, 1], None]]]]
[1, 1, [256, 0, [512, 1, 64], [16, 128], [200, 10, 10, 1]], [4, [16, 128], [[[1, 0, (44, 18), (-1, 3), [197, 10, 10, 1], 0, 64, 1], [[0, (-1, -1)]]], [[0, 1, (-38, -16), (4, -1), [133, 64, 10, 1], 0, 64, 1], None]]]]
[1, 1, [256, 0, [512, 1, 64], [16, 128], [200, 10, 10, 1]], [5, [16, 128], [[[1, 0, (43, 22), (-1, 4), [196, 10, 10, 1], 0, 64, 1], [[0, (-1, -1)]]], [[0, 1, (-33, -17), (5, -1), [133, 64, 10, 1], 0, 64, 1], None]]]]
[1, 1, [256, 0, [512, 1, 64], [16, 128], [200, 10, 10, 1]], [6, [16, 128], [[[1, 0, (42, 27), (-1, 5), [195, 10, 10, 1], 0, 64, 1], [[0, (-1, -1)]]], [[0, 1, (-27, -18), (6, -1), [133, 64, 10, 1], 0, 64, 1], None]]]]
[1, 1, [256, 0, [512, 1, 64], [16, 128], [200, 10, 10, 1]], [7, [16, 128], [[[1, 0, (41, 33), (-1, 6), [194, 10, 10, 1], 17, 64, 1], [[0, (-1, -1)]]], [[0, 1, (-20, -19), (7, -1), [133, 64, 10, 1], 54, 64, 1], [[2, (40, 32), 64, 76, 4]]]]]]
[1, 1, [256, 0, [512, 1, 64], [16, 128], [200, 10, 10, 1]], [8, [16, 128], [[[1, 0, (40, 40), (-1, 7), [193, 10, 10, 1], 15, 64, 1], [[0, (-1, -1)]]], [[0, 1, (-12, -20), (8, -1), [133, 64, 10, 1], 44, 64, 1], None]]]]
[1, 1, [256, 0, [512, 1, 64], [16, 128], [200, 10, 10, 1]], [9, [16, 128], [[[1, 0, (39, 47), (-1, 7), [192, 10, 10, 1], 13, 64, 1], [[0, (-1, -1)]]], [[0, 1, (-4, -20), (8, 0), [133, 64, 10, 1], 34, 64, 1], None]]]]
[1, 1, [256, 0, [512, 1, 64], [16, 128], [200, 10, 10, 1]], [10, [16, 128], [[[1, 0, (39, 54), (0, 7), [191, 10, 10, 1], 11, 64, 1], [[0, (-1, -1)]]], [[0, 1, (4, -19), (8, 1), [133, 64, 10, 1], 24, 64, 1], None]]]]
[1, 1, [256, 0, [512, 1, 64], [16, 128], [200, 10, 10, 1]], [11, [16, 128], [[[1, 0, (39, 60), (0, 6), [191, 10, 10, 1], 1, 64, 1], None], [[0, 1, (12, -17), (8, 2), [133, 64, 10, 1], 14, 64, 1], None]]]]
[1, 1, [256, 0, [512, 1, 64], [16, 128], [200, 10, 10, 1]], [12, [16, 128], [[[1, 0, (39, 65), (0, 5), [191, 10, 10, 1], 0, 64, 1], None], [[0, 1, (20, -14), (8, 3), [133, 64, 10, 1], 4, 64, 1], None]]]]
[1, 1, [256, 0, [512, 1, 64], [16, 128], [200, 10, 10, 1]], [13, [16, 128], [[[1, 0, (39, 69), (0, 4), [191, 10, 10, 1], 46, 64, 1], None], [[0, 1, (27, -11), (7, 3), [133, 64, 10, 1], 58, 64, 1], [[2, (39, 69), 64, 56, 4]]]]]]
[1, 1, [256, 0, [512, 1, 64], [16, 128], [200, 10, 10, 1]], [14, [16, 128], [[[1, 0, (39, 72), (0, 3), [191, 10, 10, 1], 36, 64, 1], None], [[0, 1, (33, -8), (6, 3), [133, 64, 10, 1], 48, 64, 1], None]]]]
[1, 1, [256, 0, [512, 1, 64], [16, 128], [200, 10, 10, 1]], [15, [16, 128], [[[1, 0, (39, 74), (0, 2), [191, 10, 10, 1], 26, 64, 1], None], [[0, 1, (38, -5), (5, 3), [133, 64, 10, 1], 38, 64, 1], None]]]]
[1, 1, [256, 0, [512, 1, 64], [16, 128], [200, 10, 10, 1]], [16, [16, 128], [[[1, 0, (39, 75), (0, 1), [191, 10, 10, 1], 16, 64, 1], None], [[0, 1, (42, -2), (4, 3), [133, 64, 10, 1], 28, 64, 1], None]]]]
[1, 1, [256, 0, [512, 1, 64], [16, 128], [200, 10, 10, 1]], [17, [16, 128], [[[1, 0, (39, 75), (0, 0), [191, 10, 10, 1], 6, 64, 1], None], [[0, 1, (45, 1), (3, 3), [133, 64, 10, 1], 18, 64, 1], None]]]]
[1, 1, [256, 0, [512, 1, 64], [16, 128], [200, 10, 10, 1]], [18, [16, 128], [[[1, 0, (39, 74), (0, -1), [191, 10, 10, 1], 0, 64, 1], None], [[0, 1, (47, 4), (2, 3), [133, 64, 10, 1], 8, 64, 1], None]]]]
[1, 1, [256, 0, [512, 1, 64], [16, 128], [200, 10, 10, 1]], [19, [16, 128], [[[1, 0, (39, 72), (0, -2), [190, 10, 10, 1], 64, 64, 1], None], [[0, 1, (48, 7), (1, 3), [133, 64, 10, 1], 62, 64, 1], [[2, (39, 72), 64, 75, 4]]]]]]
[1, 1, [256, 0, [512, 1, 64], [16, 128], [200, 10, 10, 1]], [20, [16, 128], [[[1, 0, (39, 69), (0, -3), [190, 10, 10, 1], 54, 64, 1], None], [[0, 1, (48, 10), (0, 3), [133, 64, 10, 1], 52, 64, 1], None]]]]
[1, 1, [256, 0, [512, 1, 64], [16, 128], [200, 10, 10, 1]], [21, [16, 128], [[[1, 0, (39, 65), (0, -4), [190, 10, 10, 1], 44, 64, 1], None], [[0, 1, (47, 13), (-1, 3), [133, 64, 10, 1], 42, 64, 1], None]]]]
[1, 1, [256, 0, [512, 1, 64], [16, 128], [200, 10, 10, 1]], [22, [16, 128], [[[1, 0, (39, 60), (0, -5), [190, 10, 10, 1], 34, 64, 1], None], [[0, 1, (45, 16), (-2, 3), [133, 64, 10, 1], 32, 64, 1], None]]]]
[1, 1, [256, 0, [512, 1, 64], [16, 128], [200, 10, 10, 1]], [23, [16, 128], [[[1, 0, (39, 54), (0, -6), [190, 10, 10, 1], 24, 64, 1], None], [[0, 1, (42, 19), (-3, 3), [133, 64, 10, 1], 22, 64, 1], None]]]]
[1, 1, [256, 0, [512, 1, 64], [16, 128], [200, 10, 10, 1]], [24, [16, 128], [[[1, 0, (39, 47), (0, -7), [190, 10, 10, 1], 14, 64, 1], None], [[0, 1, (38, 22), (-4, 3), [133, 64, 10, 1], 12, 64, 1], None]]]]
[1, 1, [256, 0, [512, 1, 64], [16, 128], [200, 10, 10, 1]], [25, [16, 128], [[[1, 0, (40, 40), (1, -7), [189, 10, 10, 1], 12, 64, 1], [[0, (-1, -1)]]], [[0, 1, (33, 25), (-5, 3), [133, 64, 10, 1], 2, 64, 1], None]]]]
[1, 1, [256, 0, [512, 1, 64], [16, 128], [200, 10, 10, 1]], [26, [16, 128], [[[1, 0, (41, 33), (1, -7), [188, 10, 10, 1], 25, 64, 1], [[0, (-1, -1)]]], [[0, 1, (27, 28), (-6, 3), [133, 64, 10, 1], 56, 64, 1], [[2, (40, 32), 64, 62, 4]]]]]]
[1, 1, [256, 0, [512, 1, 64], [16, 128], [200, 10, 10, 1]], [27, [16, 128], [[[1, 0, (42, 27), (1, -6), [187, 10, 10, 1], 23, 64, 1], [[0, (-1, -1)]]], [[0, 1, (21, 30), (-6, 2), [133, 64, 10, 1], 46, 64, 1], None]]]]
[1, 1, [256, 0, [512, 1, 64], [16, 128], [200, 10, 10, 1]], [28, [16, 128], [[[1, 0, (43, 22), (1, -5), [186, 10, 10, 1], 21, 64, 1], [[0, (-1, -1)]]], [[0, 1, (15, 31), (-6, 1), [133, 64, 10, 1], 36, 64, 1], None]]]]
[1, 1, [256, 0, [512, 1, 64], [16, 128], [200, 10, 10, 1]], [29, [16, 128], [[[1, 0, (44, 18), (1, -4), [185, 10, 10, 1], 19, 64, 1], [[0, (-1, -1)]]], [[0, 1, (9, 31), (-6, 0), [133, 64, 10, 1], 26, 64, 1], None]]]]
[1, 1, [256, 0, [512, 1, 64], [16, 128], [200, 10, 10, 1]], [30, [16, 128], [[[1, 0, (45, 15), (1, -3), [184, 10, 10, 1], 17, 64, 1], [[0, (-1, -1)]]], [[0, 1, (3, 30), (-6, -1), [133, 64, 10, 1], 16, 64, 1], None]]]]
[1, 1, [256, 0, [512, 1, 64], [16, 128], [200, 10, 10, 1]], [31, [16, 128], [[[1, 0, (46, 13), (1, -2), [183, 10, 10, 1], 15, 64, 1], [[0, (-1, -1)]]], [[0, 1, (-3, 28), (-6, -2), [133, 64, 10, 1], 6, 64, 1], None]]]]
[1, 1, [256, 0, [512, 1, 64], [16, 128], [200, 10, 10, 1]], [32, [16, 128], [[[1, 0, (47, 12), (1, -1), [182, 10, 10, 1], 23, 64, 1], [[0, (-1, -1)]]], [[0, 1, (-9, 25), (-6, -3), [133, 64, 10, 1], 60, 64, 1], [[2, (46, 11), 64, 41, 4]]]]]]
[1, 1, [256, 0, [512, 1, 64], [16, 128], [200, 10, 10, 1]], [33, [16, 128], [[[1, 0, (48, 12), (1, 0), [181, 10, 10, 1], 21, 64, 1], [[0, (-1, -1)]]], [[0, 1, (-15, 21), (-6, -4), [133, 64, 10, 1], 50, 64, 1], None]]]]
[1, 1, [256, 0, [512, 1, 64], [16, 128], [200, 10, 10, 1]], [34, [16, 128], [[[1, 0, (48, 12), (0, 0), [181, 10, 10, 1], 11, 64, 1], None], [[0, 1, (-21, 16), (-6, -5), [133, 64, 10, 1], 40, 64, 1], None]]]]
[1, 1, [256, 0, [512, 1, 64], [16, 128], [200, 10, 10, 1]], [35, [16, 128], [[[1, 0, (47, 12), (-1, 0), [181, 10, 10, 1], 1, 64, 1], None], [[0, 1, (-26, 11), (-5, -5), [133, 64, 10, 1], 30, 64, 1], None]]]]
[1, 1, [256, 0, [512, 1, 64], [16, 128], [200, 10, 10, 1]], [36, [16, 128], [[[1, 0, (46, 13), (-1, 1), [180, 10, 10, 1], 0, 64, 1], [[0, (-1, -1)]]], [[0, 1, (-30, 6), (-4, -5), [133, 64, 10, 1], 20, 64, 1], None]]]]
[1, 1, [256, 0, [512, 1, 64], [16, 128], [200, 10, 10, 1]], [37, [16, 128], [[[1, 0, (45, 15), (-1, 2), [179, 10, 10, 1], 0, 64, 1], [[0, (-1, -1)]]], [[0, 1, (-33, 1), (-3, -5), [133, 64, 10, 1], 10, 64, 1], None]]]]
[1, 1, [256, 0, [512, 1, 64], [16, 128], [200, 10, 10, 1]], [38, [16, 128], [[[1, 0, (44, 18), (-1, 3), [178, 10, 10, 1], 0, 64, 1], [[0, (-1, -1)]]], [[0, 1, (-35, -4), (-2, -5), [133, 64, 10, 1], 0, 64, 1], None]]]]
[1, 1, [256, 0, [512, 1, 64], [16, 128], [200, 10, 10, 1]], [39, [16, 128], [[[1, 0, (43, 22), (-1, 4), [177, 10, 10, 1], 0, 64, 1], [[0, (-1, -1)]]], [[0, 1, (-36, -9), (-1, -5), [133, 64, 10, 1], 54, 64, 1], [[2, (42, 21), 64, 0, 4]]]]]]
