join: [1, 0, [256, 0, [512, 1, 64], [16, 128], [64, 48, 14, 1]], []]
start: [1, 1, [256, 0, [512, 1, 64], [16, 128], [64, 48, 14, 1]], [0, [16, 128], [[[1, 0, (42, -48), (0, 0), [64, 48, 14, 1], 0, 64, 1], []], [[0, 1, (-42, 48), (0, 0), [100, 10, 10, 1], 0, 64, 1], []]]]]
commands: [1, 1, [256, 0, [512, 1, 64], [16, 128], [64, 48, 14, 1]], [1, [16, 128], [[[1, 0, (42, -47), (0, 1), [64, 48, 14, 1], 0, 64, 1], []], [[0, 1, (-42, 47), (0, -1), [100, 10, 10, 1], 0, 64, 1], []]]]]
commands: [1, 1, [256, 0, [512, 1, 64], [16, 128], [64, 48, 14, 1]], [2, [16, 128], [[[1, 0, (42, -45), (0, 2), [64, 48, 14, 1], 0, 64, 1], []], [[0, 1, (-43, 46), (-1, -1), [99, 10, 10, 1], 0, 64, 1], [[0, (1, -1)]]]]]]
commands: [1, 1, [256, 0, [512, 1, 64], [16, 128], [64, 48, 14, 1]], [3, [16, 128], [[[1, 0, (42, -42), (0, 3), [64, 48, 14, 1], 0, 64, 1], []], [[0, 1, (-45, 45), (-2, -1), [98, 10, 10, 1], 0, 64, 1], [[0, (1, -1)]]]]]]
commands: [1, 1, [256, 0, [512, 1, 64], [16, 128], [64, 48, 14, 1]], [4, [16, 128], [[[1, 0, (41, -38), (-1, 4), [64, 48, 14, 1], 0, 64, 1], []], [[0, 1, (-47, 44), (-2, -1), [97, 10, 10, 1], 0, 64, 1], [[0, (1, -1)]]]]]]
commands: [1, 1, [256, 0, [512, 1, 64], [16, 128], [64, 48, 14, 1]], [5, [16, 128], [[[1, 0, (39, -34), (-2, 4), [64, 48, 14, 1], 0, 64, 1], []], [[0, 1, (-49, 44), (-2, 0), [96, 10, 10, 1], 0, 64, 1], [[0, (1, -1)]]]]]]
commands: [1, 1, [256, 0, [512, 1, 64], [16, 128], [64, 48, 14, 1]], [6, [16, 128], [[[1, 0, (36, -30), (-3, 4), [64, 48, 14, 1], 0, 64, 1], []], [[0, 1, (-50, 44), (-1, 0), [96, 10, 10, 1], 0, 64, 1], []]]]]
commands: [1, 1, [256, 0, [512, 1, 64], [16, 128], [64, 48, 14, 1]], [7, [16, 128], [[[1, 0, (32, -26), (-4, 4), [64, 48, 14, 1], 0, 64, 1], []], [[0, 1, (-50, 44), (0, 0), [96, 10, 10, 1], 0, 64, 1], []]]]]
commands: [1, 1, [256, 0, [512, 1, 64], [16, 128], [64, 48, 14, 1]], [8, [16, 128], [[[1, 0, (27, -22), (-5, 4), [64, 48, 14, 1], 0, 64, 1], []], [[0, 1, (-49, 44), (1, 0), [96, 10, 10, 1], 0, 64, 1], []]]]]
commands: [1, 1, [256, 0, [512, 1, 64], [16, 128], [64, 48, 14, 1]], [9, [16, 128], [[[1, 0, (21, -18), (-6, 4), [64, 48, 14, 1], 0, 64, 1], []], [[0, 1, (-47, 44), (2, 0), [96, 10, 10, 1], 0, 64, 1], []]]]]
commands: [1, 2, [256, 0, [512, 1, 64], [16, 128], [64, 48, 14, 1]], [10, [16, 128], [[[1, 0, (14, -14), (-7, 4), [0, 0, 0, 0], 0, 64, 1], []], [[0, 1, (-45, 45), (2, 1), [95, 10, 10, 1], 0, 64, 1], [[0, (1, -1)]]]]]]
