[1, 0, [256, 0, [512, 1, 64], [16, 128], [64, 48, 14, 1]], None]
[1, 1, [256, 0, [512, 1, 64], [16, 128], [64, 48, 14, 1]], [0, [16, 128], [[[1, 0, (35, -48), (0, 0), [64, 48, 14, 1], 0, 64, 1], None], [[0, 1, (-35, 48), (0, 0), [64, 48, 14, 1], 0, 64, 1], None]]]]
[1, 1, [256, 0, [512, 1, 64], [16, 128], [64, 48, 14, 1]], [1, [16, 128], [[[1, 0, (35, -47), (0, 1), [64, 48, 14, 1], 34, 64, 1], [[2, (-35, 48), 48, 0, 4]]], [[0, 1, (-35, 47), (0, -1), [64, 48, 14, 1], 0, 64, 1], None]]]]
[1, 1, [256, 0, [512, 1, 64], [16, 128], [64, 48, 14, 1]], [2, [16, 128], [[[1, 0, (36, -46), (1, 1), [51, 48, 14, 1], 64, 64, 1], [[0, (-1, 1)], [2, (-35, 46), 48, 0, 4]]], [[0, 1, (-35, 45), (0, -2), [64, 48, 14, 1], 0, 64, 1], None]]]]
[1, 1, [256, 0, [512, 1, 64], [16, 128], [64, 48, 14, 1]], [3, [16, 128], [[[1, 0, (38, -45), (2, 1), [8, 48, 14, 1], 64, 64, 1], [[0, (-1, 1)], [2, (-35, 43), 48, 8, 4]]], [[0, 1, (-35, 42), (0, -3), [64, 48, 14, 1], 0, 64, 1], None]]]]
[1, 1, [256, 0, [512, 1, 64], [16, 128], [64, 48, 14, 1]], [4, [16, 128], [[[1, 0, (41, -44), (3, 1), [0, 13, 14, 1], 64, 64, 1], [[0, (-1, 1)], [2, (-35, 39), 48, 38, 4]]], [[0, 1, (-35, 38), (0, -4), [64, 48, 14, 1], 0, 64, 1], None]]]]
[1, 1, [256, 0, [512, 1, 64], [16, 128], [64, 48, 14, 1]], [5, [16, 128], [[[1, 0, (44, -42), (3, 2), [0, 13, 14, 1], 63, 64, 1], [[2, (-35, 34), 13, 0, 4]]], [[0, 1, (-35, 33), (0, -5), [64, 48, 14, 1], 0, 64, 1], None]]]]
[1, 1, [256, 0, [512, 1, 64], [16, 128], [64, 48, 14, 1]], [6, [16, 128], [[[1, 0, (46, -40), (2, 2), [0, 13, 14, 1], 62, 64, 1], [[2, (-35, 28), 13, 0, 4]]], [[0, 1, (-34, 28), (1, -5), [64, 48, 14, 1], 0, 64, 1], None]]]]
[1, 1, [256, 0, [512, 1, 64], [16, 128], [64, 48, 14, 1]], [7, [16, 128], [[[1, 0, (47, -38), (1, 2), [0, 13, 14, 1], 61, 64, 1], [[2, (-33, 23), 13, 0, 4]]], [[0, 1, (-32, 23), (2, -5), [64, 48, 14, 1], 0, 64, 1], None]]]]
[1, 1, [256, 0, [512, 1, 64], [16, 128], [64, 48, 14, 1]], [8, [16, 128], [[[1, 0, (47, -36), (0, 2), [0, 13, 14, 1], 60, 64, 1], [[2, (-30, 18), 13, 0, 4]]], [[0, 1, (-29, 18), (3, -5), [64, 48, 14, 1], 0, 64, 1], None]]]]
[1, 1, [256, 0, [512, 1, 64], [16, 128], [64, 48, 14, 1]], [9, [16, 128], [[[1, 0, (46, -34), (-1, 2), [0, 13, 14, 1], 59, 64, 1], [[2, (-26, 13), 13, 0, 4]]], [[0, 1, (-25, 13), (4, -5), [64, 48, 14, 1], 0, 64, 1], None]]]]
[1, 1, [256, 0, [512, 1, 64], [16, 128], [64, 48, 14, 1]], [10, [16, 128], [[[1, 0, (44, -32), (-2, 2), [0, 13, 14, 1], 58, 64, 1], [[2, (-21, 8), 13, 0, 4]]], [[0, 1, (-20, 8), (5, -5), [64, 48, 14, 1], 0, 64, 1], None]]]]
[1, 2, [256, 0, [512, 1, 64], [16, 128], [64, 48, 14, 1]], [11, [16, 128], [[[1, 0, (41, -30), (-3, 2), [0, 13, 14, 1], 57, 64, 1], [[2, (-15, 3), 13, 0, 4]]], [[0, 1, (-14, 3), (6, -5), [0, 0, 0, 0], 0, 64, 1], None]]]]
