[1, 0, [256, 0, [512, 1, 64], [16, 128], [64, 48, 14, 1]], None]
[1, 1, [256, 0, [512, 1, 64], [16, 128], [64, 48, 14, 1]], [0, [16, 128], [[[1, 0, (10, 48), (0, 0), [64, 48, 14, 1], 0, 64, 1], None], [[0, 1, (-10, -48), (0, 0), [446, 0, 0, 1], 0, 64, 1], None]]]]
[1, 1, [256, 0, [512, 1, 64], [16, 128], [64, 48, 14, 1]], [1, [16, 128], [[[1, 0, (10, 47), (0, -1), [64, 48, 14, 1], 34, 64, 1], [[2, (-10, -48), 48, 0, 4]]], [[0, 1, (-10, -47), (0, 1), [446, 0, 0, 1], 0, 64, 1], None]]]]
[1, 1, [256, 0, [512, 1, 64], [16, 128], [64, 48, 14, 1]], [2, [16, 128], [[[1, 0, (11, 46), (1, -1), [51, 48, 14, 1], 64, 64, 1], [[0, (-1, -1)], [2, (-10, -46), 48, 0, 4]]], [[0, 1, (-10, -45), (0, 2), [446, 0, 0, 1], 0, 64, 1], None]]]]
[1, 1, [256, 0, [512, 1, 64], [16, 128], [64, 48, 14, 1]], [3, [16, 128], [[[1, 0, (13, 45), (2, -1), [8, 48, 14, 1], 64, 64, 1], [[0, (-1, -1)], [2, (-10, -43), 48, 0, 4]]], [[0, 1, (-10, -42), (0, 3), [446, 0, 0, 1], 0, 64, 1], None]]]]
[1, 1, [256, 0, [512, 1, 64], [16, 128], [64, 48, 14, 1]], [4, [16, 128], [[[1, 0, (16, 44), (3, -1), [0, 13, 14, 1], 64, 64, 1], [[0, (-1, -1)], [2, (-10, -39), 48, 0, 4]]], [[0, 1, (-10, -38), (0, 4), [446, 0, 0, 1], 0, 64, 1], None]]]]
[1, 1, [256, 0, [512, 1, 64], [16, 128], [64, 48, 14, 1]], [5, [16, 128], [[[1, 0, (19, 42), (3, -2), [0, 13, 14, 1], 63, 64, 1], [[2, (-10, -34), 13, 0, 4]]], [[0, 1, (-10, -33), (0, 5), [446, 0, 0, 1], 0, 64, 1], None]]]]
[1, 1, [256, 0, [512, 1, 64], [16, 128], [64, 48, 14, 1]], [6, [16, 128], [[[1, 0, (22, 39), (3, -3), [0, 13, 14, 1], 62, 64, 1], [[2, (-10, -28), 13, 0, 4]]], [[0, 1, (-10, -27), (0, 6), [446, 0, 0, 1], 0, 64, 1], None]]]]
[1, 1, [256, 0, [512, 1, 64], [16, 128], [64, 48, 14, 1]], [7, [16, 128], [[[1, 0, (25, 35), (3, -4), [0, 13, 14, 1], 61, 64, 1], [[2, (-10, -21), 13, 0, 4]]], [[0, 1, (-10, -20), (0, 7), [446, 0, 0, 1], 0, 64, 1], None]]]]
[1, 2, [256, 0, [512, 1, 64], [16, 128], [64, 48, 14, 1]], [8, [16, 128], [[[1, 0, (28, 30), (3, -5), [0, 13, 14, 1], 60, 64, 1], [[2, (-10, -13), 13, 0, 4]]], [[0, 1, (-10, -12), (0, 8), [0, 0, 0, 0], 0, 64, 1], None]]]]
