[1, 0, [256, 0, [512, 1, 64], [16, 128], [64, 64, 10, 4]], None]
[1, 1, [256, 0, [512, 1, 64], [16, 128], [64, 64, 10, 4]], [0, [16, 128], [[[1, 0, (-48, -23), (0, 0), [64, 64, 10, 4], 0, 64, 1], None], [[0, 1, (48, 23), (0, 0), [100, 10, 10, 1], 0, 64, 1], None]]]]
[1, 1, [256, 0, [512, 1, 64], [16, 128], [64, 64, 10, 4]], [1, [16, 128], [[[1, 0, (-47, -23), (1, 0), [32, 32, 5, 2], 0, 64, 1], [[3, [32, 32, 5, 2]]]], [[0, 1, (47, 23), (-1, 0), [100, 10, 10, 1], 0, 64, 1], None], [[1, 2, (-47, -23), (1, 0), [32, 32, 5, 2], 0, 64, 1], None]]]]
[1, 1, [256, 0, [512, 1, 64], [16, 128], [64, 64, 10, 4]], [2, [16, 128], [[[1, 0, (-45, -23), (2, 0), [32, 32, 5, 2], 0, 64, 1], None], [[0, 1, (46, 24), (-1, 1), [99, 10, 10, 1], 0, 64, 1], [[0, (-1, -1)]]], [[1, 2, (-45, -23), (2, 0), [32, 32, 5, 2], 0, 64, 1], None]]]]
[1, 1, [256, 0, [512, 1, 64], [16, 128], [64, 64, 10, 4]], [3, [16, 128], [[[1, 0, (-42, -23), (3, 0), [32, 32, 5, 2], 0, 64, 1], None], [[0, 1, (45, 26), (-1, 2), [98, 10, 10, 1], 0, 64, 1], [[0, (-1, -1)]]], [[1, 2, (-42, -23), (3, 0), [32, 32, 5, 2], 0, 64, 1], None]]]]
[1, 1, [256, 0, [512, 1, 64], [16, 128], [64, 64, 10, 4]], [4, [16, 128], [[[1, 0, (-38, -23), (4, 0), [32, 32, 5, 2], 0, 64, 1], None], [[0, 1, (44, 29), (-1, 3), [97, 10, 10, 1], 0, 64, 1], [[0, (-1, -1)]]], [[1, 2, (-38, -23), (4, 0), [32, 32, 5, 2], 0, 64, 1], None]]]]
[1, 1, [256, 0, [512, 1, 64], [16, 128], [64, 64, 10, 4]], [5, [16, 128], [[[1, 0, (-33, -23), (5, 0), [32, 32, 5, 2], 0, 64, 1], None], [[0, 1, (43, 33), (-1, 4), [96, 10, 10, 1], 0, 64, 1], [[0, (-1, -1)]]], [[1, 2, (-33, -23), (5, 0), [32, 32, 5, 2], 0, 64, 1], None]]]]
[1, 1, [256, 0, [512, 1, 64], [16, 128], [64, 64, 10, 4]], [6, [16, 128], [[[1, 0, (-27, -23), (6, 0), [32, 32, 5, 2], 0, 64, 1], None], [[0, 1, (42, 38), (-1, 5), [95, 10, 10, 1], 0, 64, 1], [[0, (-1, -1)]]], [[1, 2, (-27, -23), (6, 0), [32, 32, 5, 2], 0, 64, 1], None]]]]
[1, 1, [256, 0, [512, 1, 64], [16, 128], [64, 64, 10, 4]], [7, [16, 128], [[[1, 0, (-20, -23), (7, 0), [32, 32, 5, 2], 0, 64, 1], None], [[0, 1, (41, 44), (-1, 6), [94, 10, 10, 1], 0, 64, 1], [[0, (-1, -1)]]], [[1, 2, (-20, -23), (7, 0), [32, 32, 5, 2], 0, 64, 1], None]]]]
[1, 1, [256, 0, [512, 1, 64], [16, 128], [64, 64, 10, 4]], [8, [16, 128], [[[1, 0, (-13, -22), (7, 1), [32, 32, 5, 2], 0, 64, 1], None], [[0, 1, (41, 50), (0, 6), [93, 10, 10, 1], 0, 64, 1], [[0, (-1, -1)]]], [[1, 2, (-13, -22), (7, 1), [32, 32, 5, 2], 0, 64, 1], None]]]]
[1, 1, [256, 0, [512, 1, 64], [16, 128], [64, 64, 10, 4]], [9, [16, 128], [[[1, 0, (-6, -20), (7, 2), [32, 32, 5, 2], 0, 64, 1], None], [[0, 1, (41, 55), (0, 5), [93, 10, 10, 1], 0, 64, 1], None], [[1, 2, (-6, -20), (7, 2), [32, 32, 5, 2], 0, 64, 1], None]]]]
[1, 1, [256, 0, [512, 1, 64], [16, 128], [64, 64, 10, 4]], [10, [16, 128], [[[1, 0, (1, -17), (7, 3), [32, 32, 5, 2], 0, 64, 1], None], [[0, 1, (41, 59), (0, 4), [93, 10, 10, 1], 0, 64, 1], None], [[1, 2, (1, -17), (7, 3), [32, 32, 5, 2], 0, 64, 1], None]]]]
[1, 2, [256, 0, [512, 1, 64], [16, 128], [64, 64, 10, 4]], [11, [16, 128], [[[1, 0, (8, -13), (7, 4), [0, 0, 0, 0], 0, 64, 1], None], [[0, 1, (41, 62), (0, 3), [93, 10, 10, 1], 0, 64, 1], None], [[1, 2, (8, -13), (7, 4), [0, 0, 0, 0], 0, 64, 1], None]]]]
