[1, 0, [256, 0, [512, 1, 64], [16, 128], [64, 48, 14, 1]], None]
[1, 1, [256, 0, [512, 1, 64], [16, 128], [64, 48, 14, 1]], [0, [16, 128], [[[1, 0, (7, 48), (0, 0), [64, 48, 14, 1], 0, 64, 1], None], [[0, 1, (-7, -48), (0, 0), [1, 1, 1, 1], 0, 64, 1], None]]]]
[1, 1, [256, 0, [512, 1, 64], [16, 128], [64, 48, 14, 1]], [1, [16, 128], [[[1, 0, (7, 47), (0, -1), [64, 48, 14, 1], 34, 64, 1], [[2, (-7, -47), 48, 9, 4]]], [[0, 1, (-7, -47), (0, 1), [1, 1, 1, 1], 8, 64, 1], None]]]]
[1, 1, [256, 0, [512, 1, 64], [16, 128], [64, 48, 14, 1]], [2, [16, 128], [[[1, 0, (7, 45), (0, -2), [64, 48, 14, 1], 20, 64, 1], None], [[0, 1, (-7, -45), (0, 2), [1, 1, 1, 1], 7, 64, 1], None]]]]
[1, 1, [256, 0, [512, 1, 64], [16, 128], [64, 48, 14, 1]], [3, [16, 128], [[[1, 0, (7, 42), (0, -3), [64, 48, 14, 1], 54, 64, 1], [[2, (-7, -42), 48, 13, 4]]], [[0, 1, (-7, -42), (0, 3), [1, 1, 1, 1], 19, 64, 1], None]]]]
[1, 1, [256, 0, [512, 1, 64], [16, 128], [64, 48, 14, 1]], [4, [16, 128], [[[1, 0, (7, 38), (0, -4), [64, 48, 14, 1], 40, 64, 1], None], [[0, 1, (-7, -38), (0, 4), [1, 1, 1, 1], 18, 64, 1], None]]]]
[1, 1, [256, 0, [512, 1, 64], [16, 128], [64, 48, 14, 1]], [5, [16, 128], [[[1, 0, (7, 33), (0, -5), [64, 48, 14, 1], 26, 64, 1], None], [[0, 1, (-7, -33), (0, 5), [1, 1, 1, 1], 17, 64, 1], None]]]]
[1, 1, [256, 0, [512, 1, 64], [16, 128], [64, 48, 14, 1]], [6, [16, 128], [[[1, 0, (7, 27), (0, -6), [64, 48, 14, 1], 60, 64, 1], [[2, (-7, -27), 48, 17, 4]]], [[0, 1, (-7, -27), (0, 6), [1, 1, 1, 1], 33, 64, 1], None]]]]
[1, 1, [256, 0, [512, 1, 64], [16, 128], [64, 48, 14, 1]], [7, [16, 128], [[[1, 0, (7, 20), (0, -7), [64, 48, 14, 1], 46, 64, 1], None], [[0, 1, (-7, -20), (0, 7), [1, 1, 1, 1], 32, 64, 1], None]]]]
[1, 2, [256, 0, [512, 1, 64], [16, 128], [64, 48, 14, 1]], [8, [16, 128], [[[1, 0, (7, 12), (0, -8), [0, 0, 0, 0], 46, 64, 1], None], [[0, 1, (-7, -12), (0, 8), [0, 0, 0, 0], 32, 64, 1], None]]]]
