[1, 0, [256, 0, [512, 1, 64], [16, 128], [64, 48, 14, 1]], None]
[1, 1, [256, 0, [512, 1, 64], [16, 128], [64, 48, 14, 1]], [0, [16, 128], [[[1, 0, (-48, 4), (0, 0), [64, 48, 14, 1], 0, 64, 1], None], [[0, 1, (48, -4), (0, 0), [446, 0, 0, 1], 0, 64, 1], None]]]]
[1, 1, [256, 0, [512, 1, 64], [16, 128], [64, 48, 14, 1]], [1, [16, 128], [[[1, 0, (-47, 4), (1, 0), [64, 48, 14, 1], 2, 64, 1], [[2, (48, -4), 16, 0, 4]]], [[0, 1, (47, -4), (-1, 0), [446, 0, 0, 1], 0, 64, 1], None]]]]
[1, 1, [256, 0, [512, 1, 64], [16, 128], [64, 48, 14, 1]], [2, [16, 128], [[[1, 0, (-46, 5), (1, 1), [63, 48, 14, 1], 12, 64, 1], [[0, (1, -1)], [2, (46, -4), 16, 0, 4]]], [[0, 1, (45, -4), (-2, 0), [446, 0, 0, 1], 0, 64, 1], None]]]]
[1, 1, [256, 0, [512, 1, 64], [16, 128], [64, 48, 14, 1]], [3, [16, 128], [[[1, 0, (-45, 7), (1, 2), [62, 48, 14, 1], 22, 64, 1], [[0, (1, -1)], [2, (43, -4), 16, 0, 4]]], [[0, 1, (42, -4), (-3, 0), [446, 0, 0, 1], 0, 64, 1], None]]]]
[1, 1, [256, 0, [512, 1, 64], [16, 128], [64, 48, 14, 1]], [4, [16, 128], [[[1, 0, (-44, 10), (1, 3), [61, 48, 14, 1], 32, 64, 1], [[0, (1, -1)], [2, (39, -4), 16, 0, 4]]], [[0, 1, (38, -4), (-4, 0), [446, 0, 0, 1], 0, 64, 1], None]]]]
[1, 1, [256, 0, [512, 1, 64], [16, 128], [64, 48, 14, 1]], [5, [16, 128], [[[1, 0, (-43, 14), (1, 4), [60, 48, 14, 1], 42, 64, 1], [[0, (1, -1)], [2, (34, -4), 16, 0, 4]]], [[0, 1, (33, -4), (-5, 0), [446, 0, 0, 1], 0, 64, 1], None]]]]
[1, 1, [256, 0, [512, 1, 64], [16, 128], [64, 48, 14, 1]], [6, [16, 128], [[[1, 0, (-42, 19), (1, 5), [59, 48, 14, 1], 52, 64, 1], [[0, (1, -1)], [2, (28, -4), 16, 0, 4]]], [[0, 1, (27, -4), (-6, 0), [446, 0, 0, 1], 0, 64, 1], None]]]]
[1, 1, [256, 0, [512, 1, 64], [16, 128], [64, 48, 14, 1]], [7, [16, 128], [[[1, 0, (-41, 25), (1, 6), [58, 48, 14, 1], 62, 64, 1], [[0, (1, -1)], [2, (21, -4), 16, 0, 4]]], [[0, 1, (20, -4), (-7, 0), [446, 0, 0, 1], 0, 64, 1], None]]]]
[1, 2, [256, 0, [512, 1, 64], [16, 128], [64, 48, 14, 1]], [8, [16, 128], [[[1, 0, (-40, 32), (1, 7), [49, 48, 14, 1], 64, 64, 1], [[0, (1, -1)], [2, (13, -4), 16, 0, 4]]], [[0, 1, (12, -4), (-8, 0), [0, 0, 0, 0], 0, 64, 1], None]]]]
