[1, 0, [256, 0, [512, 1, 64], [16, 128], [200, 10, 10, 1]], None]
[1, 1, [256, 0, [512, 1, 64], [16, 128], [200, 10, 10, 1]], [0, [16, 128], [[[1, 0, (48, -6), (0, 0), [200, 10, 10, 1], 0, 64, 1], None], [[0, 1, (-48, 6), (0, 0), [1, 1, 1, 1], 0, 64, 1], None]]]]
[1, 1, [256, 0, [512, 1, 64], [16, 128], [200, 10, 10, 1]], [1, [16, 128], [[[1, 0, (47, -6), (-1, 0), [200, 10, 10, 1], 0, 64, 1], [[2, (-47, 6), 10, 0, 4]]], [[0, 1, (-47, 6), (1, 0), [1, 1, 1, 1], 0, 64, 1], None]]]]
[1, 1, [256, 0, [512, 1, 64], [16, 128], [200, 10, 10, 1]], [2, [16, 128], [[[1, 0, (45, -6), (-2, 0), [200, 10, 10, 1], 0, 64, 1], [[2, (-45, 6), 10, 0, 4]]], [[0, 1, (-45, 6), (2, 0), [1, 1, 1, 1], 0, 64, 1], None]]]]
[1, 1, [256, 0, [512, 1, 64], [16, 128], [200, 10, 10, 1]], [3, [16, 128], [[[1, 0, (42, -6), (-3, 0), [200, 10, 10, 1], 0, 64, 1], [[2, (-42, 6), 10, 0, 4]]], [[0, 1, (-42, 6), (3, 0), [1, 1, 1, 1], 0, 64, 1], None]]]]
[1, 1, [256, 0, [512, 1, 64], [16, 128], [200, 10, 10, 1]], [4, [16, 128], [[[1, 0, (38, -6), (-4, 0), [200, 10, 10, 1], 0, 64, 1], [[2, (-38, 6), 10, 0, 4]]], [[0, 1, (-38, 6), (4, 0), [1, 1, 1, 1], 0, 64, 1], None]]]]
[1, 1, [256, 0, [512, 1, 64], [16, 128], [200, 10, 10, 1]], [5, [16, 128], [[[1, 0, (33, -6), (-5, 0), [200, 10, 10, 1], 0, 64, 1], [[2, (-33, 6), 10, 0, 4]]], [[0, 1, (-33, 6), (5, 0), [1, 1, 1, 1], 0, 64, 1], None]]]]
[1, 1, [256, 0, [512, 1, 64], [16, 128], [200, 10, 10, 1]], [6, [16, 128], [[[1, 0, (27, -6), (-6, 0), [200, 10, 10, 1], 0, 64, 1], [[2, (-27, 6), 10, 0, 4]]], [[0, 1, (-27, 6), (6, 0), [1, 1, 1, 1], 0, 64, 1], None]]]]
[1, 1, [256, 0, [512, 1, 64], [16, 128], [200, 10, 10, 1]], [7, [16, 128], [[[1, 0, (20, -6), (-7, 0), [200, 10, 10, 1], 0, 64, 1], [[2, (-20, 6), 10, 0, 4]]], [[0, 1, (-20, 6), (7, 0), [1, 1, 1, 1], 0, 64, 1], None]]]]
[1, 2, [256, 0, [512, 1, 64], [16, 128], [200, 10, 10, 1]], [8, [16, 128], [[[1, 0, (12, -6), (-8, 0), [0, 0, 0, 0], 0, 64, 1], None], [[0, 1, (-12, 6), (8, 0), [0, 0, 0, 0], 0, 64, 1], None]]]]
