[1, 0, [256, 0, [512, 1, 64], [16, 128], [64, 48, 14, 1]], None]
[1, 1, [256, 0, [512, 1, 64], [16, 128], [64, 48, 14, 1]], [0, [16, 128], [[[1, 0, (-26, -48), (0, 0), [64, 48, 14, 1], 0, 64, 1], None], [[0, 1, (26, 48), (0, 0), [100, 10, 10, 1], 0, 64, 1], None]]]]
[1, 1, [256, 0, [512, 1, 64], [16, 128], [64, 48, 14, 1]], [1, [16, 128], [[[1, 0, (-26, -47), (0, 1), [64, 48, 14, 1], 34, 64, 1], [[2, (26, 47), 48, 0, 4]]], [[0, 1, (26, 47), (0, -1), [100, 10, 10, 1], 0, 64, 1], None]]]]
[1, 1, [256, 0, [512, 1, 64], [16, 128], [64, 48, 14, 1]], [2, [16, 128], [[[1, 0, (-27, -46), (-1, 1), [51, 48, 14, 1], 64, 64, 1], [[0, (1, 1)], [2, (26, 45), 48, 0, 4]]], [[0, 1, (27, 46), (1, -1), [99, 10, 10, 1], 0, 64, 1], [[0, (-1, -1)]]]]]]
[1, 1, [256, 0, [512, 1, 64], [16, 128], [64, 48, 14, 1]], [3, [16, 128], [[[1, 0, (-29, -45), (-2, 1), [8, 48, 14, 1], 64, 64, 1], [[0, (1, 1)], [2, (28, 44), 48, 0, 4]]], [[0, 1, (29, 45), (2, -1), [98, 10, 10, 1], 0, 64, 1], [[0, (-1, -1)]]]]]]
[1, 1, [256, 0, [512, 1, 64], [16, 128], [64, 48, 14, 1]], [4, [16, 128], [[[1, 0, (-32, -44), (-3, 1), [0, 13, 14, 1], 64, 64, 1], [[0, (1, 1)], [2, (31, 43), 48, 0, 4]]], [[0, 1, (32, 44), (3, -1), [97, 10, 10, 1], 0, 64, 1], [[0, (-1, -1)]]]]]]
[1, 1, [256, 0, [512, 1, 64], [16, 128], [64, 48, 14, 1]], [5, [16, 128], [[[1, 0, (-35, -42), (-3, 2), [0, 13, 14, 1], 63, 64, 1], [[2, (35, 42), 13, 0, 4]]], [[0, 1, (36, 43), (4, -1), [96, 10, 10, 1], 0, 64, 1], [[0, (-1, -1)]]]]]]
[1, 1, [256, 0, [512, 1, 64], [16, 128], [64, 48, 14, 1]], [6, [16, 128], [[[1, 0, (-38, -39), (-3, 3), [0, 13, 14, 1], 62, 64, 1], [[2, (40, 41), 13, 0, 4]]], [[0, 1, (41, 42), (5, -1), [95, 10, 10, 1], 0, 64, 1], [[0, (-1, -1)]]]]]]
[1, 1, [256, 0, [512, 1, 64], [16, 128], [64, 48, 14, 1]], [7, [16, 128], [[[1, 0, (-41, -35), (-3, 4), [0, 13, 14, 1], 61, 64, 1], [[2, (46, 40), 13, 0, 4]]], [[0, 1, (47, 41), (6, -1), [94, 10, 10, 1], 0, 64, 1], [[0, (-1, -1)]]]]]]
[1, 1, [256, 0, [512, 1, 64], [16, 128], [64, 48, 14, 1]], [8, [16, 128], [[[1, 0, (-43, -31), (-2, 4), [0, 13, 14, 1], 60, 64, 1], [[2, (52, 40), 13, 0, 4]]], [[0, 1, (53, 41), (6, 0), [93, 10, 10, 1], 0, 64, 1], [[0, (-1, -1)]]]]]]
[1, 1, [256, 0, [512, 1, 64], [16, 128], [64, 48, 14, 1]], [9, [16, 128], [[[1, 0, (-44, -27), (-1, 4), [0, 13, 14, 1], 59, 64, 1], [[2, (58, 41), 13, 0, 4]]], [[0, 1, (58, 41), (5, 0), [93, 10, 10, 1], 0, 64, 1], None]]]]
[1, 1, [256, 0, [512, 1, 64], [16, 128], [64, 48, 14, 1]], [10, [16, 128], [[[1, 0, (-44, -23), (0, 4), [0, 13, 14, 1], 58, 64, 1], [[2, (62, 41), 13, 0, 4]]], [[0, 1, (62, 41), (4, 0), [93, 10, 10, 1], 0, 64, 1], None]]]]
[1, 1, [256, 0, [512, 1, 64], [16, 128], [64, 48, 14, 1]], [11, [16, 128], [[[1, 0, (-43, -19), (1, 4), [0, 13, 14, 1], 57, 64, 1], [[2, (65, 41), 13, 0, 4]]], [[0, 1, (65, 41), (3, 0), [93, 10, 10, 1], 0, 64, 1], None]]]]
[1, 1, [256, 0, [512, 1, 64], [16, 128], [64, 48, 14, 1]], [12, [16, 128], [[[1, 0, (-41, -15), (2, 4), [0, 13, 14, 1], 56, 64, 1], [[2, (67, 41), 13, 0, 4]]], [[0, 1, (67, 41), (2, 0), [93, 10, 10, 1], 0, 64, 1], None]]]]
[1, 1, [256, 0, [512, 1, 64], [16, 128], [64, 48, 14, 1]], [13, [16, 128], [[[1, 0, (-38, -11), (3, 4), [0, 13, 14, 1], 55, 64, 1], [[2, (68, 41), 13, 0, 4]]], [[0, 1, (68, 41), (1, 0), [93, 10, 10, 1], 0, 64, 1], None]]]]
[1, 1, [256, 0, [512, 1, 64], [16, 128], [64, 48, 14, 1]], [14, [16, 128], [[[1, 0, (-34, -7), (4, 4), [0, 13, 14, 1], 54, 64, 1], [[2, (68, 41), 13, 0, 4]]], [[0, 1, (68, 41), (0, 0), [93, 10, 10, 1], 0, 64, 1], None]]]]
[1, 1, [256, 0, [512, 1, 64], [16, 128], [64, 48, 14, 1]], [15, [16, 128], [[[1, 0, (-29, -3), (5, 4), [0, 13, 14, 1], 53, 64, 1], [[2, (67, 41), 13, 0, 4]]], [[0, 1, (67, 41), (-1, 0), [93, 10, 10, 1], 0, 64, 1], None]]]]
[1, 1, [256, 0, [512, 1, 64], [16, 128], [64, 48, 14, 1]], [16, [16, 128], [[[1, 0, (-23, 1), (6, 4), [0, 13, 14, 1], 52, 64, 1], [[2, (65, 41), 13, 0, 4]]], [[0, 1, (65, 41), (-2, 0), [93, 10, 10, 1], 0, 64, 1], None]]]]
[1, 2, [256, 0, [512, 1, 64], [16, 128], [64, 48, 14, 1]], [17, [16, 128], [[[1, 0, (-16, 5), (7, 4), [0, 0, 0, 0], 52, 64, 1], None], [[0, 1, (62, 41), (-3, 0), [93, 10, 10, 1], 0, 64, 1], None]]]]
