[1, 0, [256, 0, [512, 1, 64], [16, 128], [200, 10, 10, 1]], None]
[1, 1, [256, 0, [512, 1, 64], [16, 128], [200, 10, 10, 1]], [0, [16, 128], [[[1, 0, (-31, -48), (0, 0), [200, 10, 10, 1], 0, 64, 1], None], [[0, 1, (31, 48), (0, 0), [134, 64, 10, 1], 0, 64, 1], None]]]]
[1, 1, [256, 0, [512, 1, 64], [16, 128], [200, 10, 10, 1]], [1, [16, 128], [[[1, 0, (-31, -47), (0, 1), [200, 10, 10, 1], 0, 64, 1], None], [[0, 1, (31, 47), (0, -1), [134, 64, 10, 1], 0, 64, 1], None]]]]
[1, 1, [256, 0, [512, 1, 64], [16, 128], [200, 10, 10, 1]], [2, [16, 128], [[[1, 0, (-32, -46), (-1, 1), [199, 10, 10, 1], 0, 64, 1], [[0, (1, 1)]]], [[0, 1, (31, 45), (0, -2), [134, 64, 10, 1], 0, 64, 1], None]]]]
[1, 1, [256, 0, [512, 1, 64], [16, 128], [200, 10, 10, 1]], [3, [16, 128], [[[1, 0, (-34, -45), (-2, 1), [198, 10, 10, 1], 0, 64, 1], [[0, (1, 1)]]], [[0, 1, (31, 42), (0, -3), [134, 64, 10, 1], 0, 64, 1], None]]]]
[1, 1, [256, 0, [512, 1, 64], [16, 128], [200, 10, 10, 1]], [4, [16, 128], [[[1, 0, (-37, -44), (-3, 1), [197, 10, 10, 1], 0, 64, 1], [[0, (1, 1)]]], [[0, 1, (31, 38), (0, -4), [134, 64, 10, 1], 0, 64, 1], None]]]]
[1, 1, [256, 0, [512, 1, 64], [16, 128], [200, 10, 10, 1]], [5, [16, 128], [[[1, 0, (-41, -43), (-4, 1), [196, 10, 10, 1], 0, 64, 1], [[0, (1, 1)]]], [[0, 1, (31, 33), (0, -5), [134, 64, 10, 1], 0, 64, 1], None]]]]
[1, 1, [256, 0, [512, 1, 64], [16, 128], [200, 10, 10, 1]], [6, [16, 128], [[[1, 0, (-46, -42), (-5, 1), [195, 10, 10, 1], 0, 64, 1], [[0, (1, 1)]]], [[0, 1, (31, 27), (0, -6), [134, 64, 10, 1], 0, 64, 1], None]]]]
[1, 1, [256, 0, [512, 1, 64], [16, 128], [200, 10, 10, 1]], [7, [16, 128], [[[1, 0, (-51, -42), (-5, 0), [194, 10, 10, 1], 0, 64, 1], [[0, (1, 1)]]], [[0, 1, (30, 21), (-1, -6), [134, 64, 10, 1], 0, 64, 1], None]]]]
[1, 1, [256, 0, [512, 1, 64], [16, 128], [200, 10, 10, 1]], [8, [16, 128], [[[1, 0, (-55, -42), (-4, 0), [194, 10, 10, 1], 0, 64, 1], None], [[0, 1, (28, 15), (-2, -6), [134, 64, 10, 1], 0, 64, 1], None]]]]
[1, 1, [256, 0, [512, 1, 64], [16, 128], [200, 10, 10, 1]], [9, [16, 128], [[[1, 0, (-58, -42), (-3, 0), [194, 10, 10, 1], 0, 64, 1], None], [[0, 1, (25, 9), (-3, -6), [134, 64, 10, 1], 0, 64, 1], None]]]]
[1, 1, [256, 0, [512, 1, 64], [16, 128], [200, 10, 10, 1]], [10, [16, 128], [[[1, 0, (-60, -42), (-2, 0), [194, 10, 10, 1], 0, 64, 1], None], [[0, 1, (21, 3), (-4, -6), [134, 64, 10, 1], 0, 64, 1], None]]]]
[1, 2, [256, 0, [512, 1, 64], [16, 128], [200, 10, 10, 1]], [11, [16, 128], [[[1, 0, (-61, -42), (-1, 0), [194, 10, 10, 1], 0, 64, 1], None], [[0, 1, (16, -3), (-5, -6), [0, 0, 0, 0], 0, 64, 1], None]]]]
