join: [1, 0, [256, 0, [512, 1, 64], [16, 128], [100, 10, 10, 1]], []]
start: [1, 1, [256, 0, [512, 1, 64], [16, 128], [100, 10, 10, 1]], [0, [16, 128], [[[1, 0, (-15, -48), (0, 0), [100, 10, 10, 1], 0, 64, 1], []], [[0, 1, (15, 48), (0, 0), [446, 0, 0, 1], 0, 64, 1], []]]]]
commands: [1, 1, [256, 0, [512, 1, 64], [16, 128], [100, 10, 10, 1]], [1, [16, 128], [[[1, 0, (-15, -47), (0, 1), [100, 10, 10, 1], 0, 64, 1], []], [[0, 1, (15, 47), (0, -1), [446, 0, 0, 1], 0, 64, 1], []]]]]
commands: [1, 1, [256, 0, [512, 1, 64], [16, 128], [100, 10, 10, 1]], [2, [16, 128], [[[1, 0, (-15, -45), (0, 2), [100, 10, 10, 1], 0, 64, 1], []], [[0, 1, (15, 45), (0, -2), [446, 0, 0, 1], 0, 64, 1], []]]]]
commands: [1, 1, [256, 0, [512, 1, 64], [16, 128], [100, 10, 10, 1]], [3, [16, 128], [[[1, 0, (-15, -42), (0, 3), [100, 10, 10, 1], 0, 64, 1], []], [[0, 1, (15, 42), (0, -3), [446, 0, 0, 1], 0, 64, 1], []]]]]
commands: [1, 1, [256, 0, [512, 1, 64], [16, 128], [100, 10, 10, 1]], [4, [16, 128], [[[1, 0, (-15, -38), (0, 4), [100, 10, 10, 1], 0, 64, 1], []], [[0, 1, (15, 38), (0, -4), [446, 0, 0, 1], 0, 64, 1], []]]]]
commands: [1, 1, [256, 0, [512, 1, 64], [16, 128], [100, 10, 10, 1]], [5, [16, 128], [[[1, 0, (-15, -33), (0, 5), [100, 10, 10, 1], 0, 64, 1], []], [[0, 1, (15, 33), (0, -5), [446, 0, 0, 1], 0, 64, 1], []]]]]
commands: [1, 1, [256, 0, [512, 1, 64], [16, 128], [100, 10, 10, 1]], [6, [16, 128], [[[1, 0, (-15, -27), (0, 6), [100, 10, 10, 1], 0, 64, 1], []], [[0, 1, (15, 27), (0, -6), [446, 0, 0, 1], 0, 64, 1], []]]]]
commands: [1, 1, [256, 0, [512, 1, 64], [16, 128], [100, 10, 10, 1]], [7, [16, 128], [[[1, 0, (-15, -20), (0, 7), [100, 10, 10, 1], 0, 64, 1], []], [[0, 1, (15, 20), (0, -7), [446, 0, 0, 1], 0, 64, 1], []]]]]
commands: [1, 2, [256, 0, [512, 1, 64], [16, 128], [100, 10, 10, 1]], [8, [16, 128], [[[1, 0, (-15, -12), (0, 8), [0, 0, 0, 0], 0, 64, 1], []], [[0, 1, (15, 12), (0, -8), [0, 0, 0, 0], 0, 64, 1], []]]]]
