[1, 0, [256, 0, [512, 1, 64], [16, 128], [64, 48, 14, 1]], None]
[1, 1, [256, 0, [512, 1, 64], [16, 128], [64, 48, 14, 1]], [0, [16, 128], [[[1, 0, (-48, -36), (0, 0), [64, 48, 14, 1], 0, 64, 1], None], [[0, 1, (48, 36), (0, 0), [1, 1, 1, 1], 0, 64, 1], None]]]]
[1, 1, [256, 0, [512, 1, 64], [16, 128], [64, 48, 14, 1]], [1, [16, 128], [[[1, 0, (-47, -36), (1, 0), [64, 48, 14, 1], 34, 64, 1], [[2, (47, 36), 48, 0, 4]]], [[0, 1, (47, 36), (-1, 0), [1, 1, 1, 1], 0, 64, 1], None]]]]
[1, 1, [256, 0, [512, 1, 64], [16, 128], [64, 48, 14, 1]], [2, [16, 128], [[[1, 0, (-45, -36), (2, 0), [64, 48, 14, 1], 20, 64, 1], None], [[0, 1, (45, 36), (-2, 0), [1, 1, 1, 1], 0, 64, 1], None]]]]
[1, 1, [256, 0, [512, 1, 64], [16, 128], [64, 48, 14, 1]], [3, [16, 128], [[[1, 0, (-42, -36), (3, 0), [64, 48, 14, 1], 54, 64, 1], [[2, (42, 36), 48, 20, 4]]], [[0, 1, (42, 36), (-3, 0), [1, 1, 1, 1], 19, 64, 1], None]]]]
[1, 1, [256, 0, [512, 1, 64], [16, 128], [64, 48, 14, 1]], [4, [16, 128], [[[1, 0, (-38, -36), (4, 0), [64, 48, 14, 1], 40, 64, 1], None], [[0, 1, (38, 36), (-4, 0), [1, 1, 1, 1], 18, 64, 1], None]]]]
[1, 1, [256, 0, [512, 1, 64], [16, 128], [64, 48, 14, 1]], [5, [16, 128], [[[1, 0, (-33, -36), (5, 0), [64, 48, 14, 1], 26, 64, 1], None], [[0, 1, (33, 36), (-5, 0), [1, 1, 1, 1], 17, 64, 1], None]]]]
[1, 1, [256, 0, [512, 1, 64], [16, 128], [64, 48, 14, 1]], [6, [16, 128], [[[1, 0, (-28, -35), (5, 1), [64, 48, 14, 1], 60, 64, 1], [[2, (28, 35), 48, 18, 4]]], [[0, 1, (28, 35), (-5, -1), [1, 1, 1, 1], 34, 64, 1], None]]]]
[1, 1, [256, 0, [512, 1, 64], [16, 128], [64, 48, 14, 1]], [7, [16, 128], [[[1, 0, (-23, -33), (5, 2), [64, 48, 14, 1], 46, 64, 1], None], [[0, 1, (23, 33), (-5, -2), [1, 1, 1, 1], 33, 64, 1], None]]]]
[1, 1, [256, 0, [512, 1, 64], [16, 128], [64, 48, 14, 1]], [8, [16, 128], [[[1, 0, (-18, -30), (5, 3), [64, 48, 14, 1], 32, 64, 1], None], [[0, 1, (18, 30), (-5, -3), [1, 1, 1, 1], 32, 64, 1], None]]]]
[1, 1, [256, 0, [512, 1, 64], [16, 128], [64, 48, 14, 1]], [9, [16, 128], [[[1, 0, (-13, -26), (5, 4), [62, 48, 14, 1], 64, 64, 1], [[2, (13, 26), 48, 0, 4]]], [[0, 1, (13, 26), (-5, -4), [1, 1, 1, 1], 31, 64, 1], None]]]]
[1, 1, [256, 0, [512, 1, 64], [16, 128], [64, 48, 14, 1]], [10, [16, 128], [[[1, 0, (-8, -21), (5, 5), [62, 48, 14, 1], 50, 64, 1], None], [[0, 1, (8, 21), (-5, -5), [1, 1, 1, 1], 30, 64, 1], None]]]]
[1, 2, [256, 0, [512, 1, 64], [16, 128], [64, 48, 14, 1]], [11, [16, 128], [[[1, 0, (-3, -15), (5, 6), [0, 0, 0, 0], 50, 64, 1], None], [[0, 1, (3, 15), (-5, -6), [0, 0, 0, 0], 30, 64, 1], None]]]]
