[1, 0, [256, 0, [512, 1, 64], [16, 128], [64, 64, 10, 4]], None]
[1, 1, [256, 0, [512, 1, 64], [16, 128], [64, 64, 10, 4]], [0, [16, 128], [[[1, 0, (38, -48), (0, 0), [64, 64, 10, 4], 0, 64, 1], None], [[0, 1, (-38, 48), (0, 0), [100, 10, 10, 1], 0, 64, 1], None]]]]
[1, 1, [256, 0, [512, 1, 64], [16, 128], [64, 64, 10, 4]], [1, [16, 128], [[[1, 0, (38, -47), (0, 1), [32, 32, 5, 2], 0, 64, 1], [[3, [32, 32, 5, 2]]]], [[0, 1, (-38, 47), (0, -1), [100, 10, 10, 1], 0, 64, 1], None], [[1, 2, (38, -47), (0, 1), [32, 32, 5, 2], 0, 64, 1], None]]]]
[1, 1, [256, 0, [512, 1, 64], [16, 128], [64, 64, 10, 4]], [2, [16, 128], [[[1, 0, (39, -46), (1, 1), [31, 32, 5, 2], 3, 64, 1], [[0, (-1, 1)]]], [[0, 1, (-39, 46), (-1, -1), [99, 10, 10, 1], 0, 64, 1], [[0, (1, -1)]]], [[1, 2, (39, -46), (1, 1), [31, 32, 5, 2], 3, 64, 1], [[0, (-1, 1)]]]]]]
[1, 1, [256, 0, [512, 1, 64], [16, 128], [64, 64, 10, 4]], [3, [16, 128], [[[1, 0, (41, -45), (2, 1), [30, 32, 5, 2], 6, 64, 1], [[0, (-1, 1)]]], [[0, 1, (-41, 45), (-2, -1), [98, 10, 10, 1], 0, 64, 1], [[0, (1, -1)]]], [[1, 2, (41, -45), (2, 1), [30, 32, 5, 2], 6, 64, 1], [[0, (-1, 1)]]]]]]
[1, 1, [256, 0, [512, 1, 64], [16, 128], [64, 64, 10, 4]], [4, [16, 128], [[[1, 0, (44, -44), (3, 1), [29, 32, 5, 2], 9, 64, 1], [[0, (-1, 1)]]], [[0, 1, (-44, 44), (-3, -1), [97, 10, 10, 1], 0, 64, 1], [[0, (1, -1)]]], [[1, 2, (44, -44), (3, 1), [29, 32, 5, 2], 9, 64, 1], [[0, (-1, 1)]]]]]]
[1, 1, [256, 0, [512, 1, 64], [16, 128], [64, 64, 10, 4]], [5, [16, 128], [[[1, 0, (47, -43), (3, 1), [28, 32, 5, 2], 12, 64, 1], [[0, (-1, 1)]]], [[0, 1, (-47, 43), (-3, -1), [96, 10, 10, 1], 0, 64, 1], [[0, (1, -1)]]], [[1, 2, (47, -43), (3, 1), [28, 32, 5, 2], 12, 64, 1], [[0, (-1, 1)]]]]]]
[1, 1, [256, 0, [512, 1, 64], [16, 128], [64, 64, 10, 4]], [6, [16, 128], [[[1, 0, (50, -43), (3, 0), [27, 32, 5, 2], 15, 64, 1], [[0, (-1, 1)]]], [[0, 1, (-50, 43), (-3, 0), [95, 10, 10, 1], 0, 64, 1], [[0, (1, -1)]]], [[1, 2, (50, -43), (3, 0), [27, 32, 5, 2], 15, 64, 1], [[0, (-1, 1)]]]]]]
[1, 1, [256, 0, [512, 1, 64], [16, 128], [64, 64, 10, 4]], [7, [16, 128], [[[1, 0, (52, -43), (2, 0), [27, 32, 5, 2], 10, 64, 1], None], [[0, 1, (-52, 43), (-2, 0), [95, 10, 10, 1], 0, 64, 1], None], [[1, 2, (52, -43), (2, 0), [27, 32, 5, 2], 10, 64, 1], None]]]]
[1, 1, [256, 0, [512, 1, 64], [16, 128], [64, 64, 10, 4]], [8, [16, 128], [[[1, 0, (53, -43), (1, 0), [27, 32, 5, 2], 5, 64, 1], None], [[0, 1, (-53, 43), (-1, 0), [95, 10, 10, 1], 0, 64, 1], None], [[1, 2, (53, -43), (1, 0), [27, 32, 5, 2], 5, 64, 1], None]]]]
[1, 1, [256, 0, [512, 1, 64], [16, 128], [64, 64, 10, 4]], [9, [16, 128], [[[1, 0, (53, -43), (0, 0), [27, 32, 5, 2], 0, 64, 1], None], [[0, 1, (-53, 43), (0, 0), [95, 10, 10, 1], 0, 64, 1], None], [[1, 2, (53, -43), (0, 0), [27, 32, 5, 2], 0, 64, 1], None]]]]
[1, 1, [256, 0, [512, 1, 64], [16, 128], [64, 64, 10, 4]], [10, [16, 128], [[[1, 0, (52, -43), (-1, 0), [27, 32, 5, 2], 0, 64, 1], None], [[0, 1, (-52, 43), (1, 0), [95, 10, 10, 1], 0, 64, 1], None], [[1, 2, (52, -43), (-1, 0), [27, 32, 5, 2], 0, 64, 1], None]]]]
[1, 1, [256, 0, [512, 1, 64], [16, 128], [64, 64, 10, 4]], [11, [16, 128], [[[1, 0, (50, -43), (-2, 0), [27, 32, 5, 2], 0, 64, 1], None], [[0, 1, (-50, 43), (2, 0), [95, 10, 10, 1], 0, 64, 1], None], [[1, 2, (50, -43), (-2, 0), [27, 32, 5, 2], 0, 64, 1], None]]]]
