[1, 0, [256, 0, [512, 1, 64], [16, 128], [200, 10, 10, 1]], None]
[1, 1, [256, 0, [512, 1, 64], [16, 128], [200, 10, 10, 1]], [0, [16, 128], [[[1, 0, (-2, -48), (0, 0), [200, 10, 10, 1], 0, 64, 1], None], [[0, 1, (2, 48), (0, 0), [200, 10, 10, 1], 0, 64, 1], None]]]]
[1, 1, [256, 0, [512, 1, 64], [16, 128], [200, 10, 10, 1]], [1, [16, 128], [[[1, 0, (-2, -47), (0, 1), [200, 10, 10, 1], 0, 64, 1], None], [[0, 1, (3, 48), (1, 0), [199, 10, 10, 1], 0, 64, 1], [[0, (-1, -1)]]]]]]
[1, 1, [256, 0, [512, 1, 64], [16, 128], [200, 10, 10, 1]], [2, [16, 128], [[[1, 0, (-3, -46), (-1, 1), [199, 10, 10, 1], 0, 64, 1], [[0, (1, 1)]]], [[0, 1, (5, 46), (2, -2), [198, 10, 10, 1], 0, 64, 1], [[0, (-1, 1)]]]]]]
[1, 1, [256, 0, [512, 1, 64], [16, 128], [200, 10, 10, 1]], [3, [16, 128], [[[1, 0, (-5, -45), (-2, 1), [198, 10, 10, 1], 0, 64, 1], [[0, (1, 1)]]], [[0, 1, (8, 42), (3, -4), [197, 10, 10, 1], 0, 64, 1], [[0, (-1, 1)]]]]]]
[1, 1, [256, 0, [512, 1, 64], [16, 128], [200, 10, 10, 1]], [4, [16, 128], [[[1, 0, (-8, -44), (-3, 1), [197, 10, 10, 1], 0, 64, 1], [[0, (1, 1)]]], [[0, 1, (12, 36), (4, -6), [196, 10, 10, 1], 0, 64, 1], [[0, (-1, 1)]]]]]]
[1, 1, [256, 0, [512, 1, 64], [16, 128], [200, 10, 10, 1]], [5, [16, 128], [[[1, 0, (-12, -43), (-4, 1), [196, 10, 10, 1], 0, 64, 1], [[0, (1, 1)]]], [[0, 1, (16, 29), (4, -7), [196, 10, 10, 1], 0, 64, 1], None]]]]
[1, 1, [256, 0, [512, 1, 64], [16, 128], [200, 10, 10, 1]], [6, [16, 128], [[[1, 0, (-17, -42), (-5, 1), [195, 10, 10, 1], 0, 64, 1], [[0, (1, 1)]]], [[0, 1, (20, 21), (4, -8), [196, 10, 10, 1], 0, 64, 1], None]]]]
[1, 1, [256, 0, [512, 1, 64], [16, 128], [200, 10, 10, 1]], [7, [16, 128], [[[1, 0, (-23, -41), (-6, 1), [194, 10, 10, 1], 0, 64, 1], [[0, (1, 1)]]], [[0, 1, (24, 12), (4, -9), [196, 10, 10, 1], 0, 64, 1], None]]]]
[1, 1, [256, 0, [512, 1, 64], [16, 128], [200, 10, 10, 1]], [8, [16, 128], [[[1, 0, (-30, -40), (-7, 1), [193, 10, 10, 1], 0, 64, 1], [[0, (1, 1)]]], [[0, 1, (27, 3), (3, -9), [196, 10, 10, 1], 0, 64, 1], None]]]]
[1, 1, [256, 0, [512, 1, 64], [16, 128], [200, 10, 10, 1]], [9, [16, 128], [[[1, 0, (-38, -39), (-8, 1), [192, 10, 10, 1], 0, 64, 1], [[0, (1, 1)]]], [[0, 1, (29, -6), (2, -9), [196, 10, 10, 1], 0, 64, 1], None]]]]
[1, 1, [256, 0, [512, 1, 64], [16, 128], [200, 10, 10, 1]], [10, [16, 128], [[[1, 0, (-47, -38), (-9, 1), [191, 10, 10, 1], 0, 64, 1], [[0, (1, 1)]]], [[0, 1, (30, -15), (1, -9), [196, 10, 10, 1], 0, 64, 1], None]]]]
[1, 1, [256, 0, [512, 1, 64], [16, 128], [200, 10, 10, 1]], [11, [16, 128], [[[1, 0, (-56, -38), (-9, 0), [190, 10, 10, 1], 0, 64, 1], [[0, (1, 1)]]], [[0, 1, (30, -24), (0, -9), [196, 10, 10, 1], 0, 64, 1], None]]]]
[1, 1, [256, 0, [512, 1, 64], [16, 128], [200, 10, 10, 1]], [12, [16, 128], [[[1, 0, (-64, -38), (-8, 0), [190, 10, 10, 1], 0, 64, 1], None], [[0, 1, (29, -33), (-1, -9), [196, 10, 10, 1], 0, 64, 1], None]]]]
[1, 1, [256, 0, [512, 1, 64], [16, 128], [200, 10, 10, 1]], [13, [16, 128], [[[1, 0, (-71, -38), (-7, 0), [190, 10, 10, 1], 0, 64, 1], None], [[0, 1, (28, -41), (-1, -8), [196, 10, 10, 1], 0, 64, 1], None]]]]
[1, 1, [256, 0, [512, 1, 64], [16, 128], [200, 10, 10, 1]], [14, [16, 128], [[[1, 0, (-77, -38), (-6, 0), [190, 10, 10, 1], 0, 64, 1], None], [[0, 1, (27, -48), (-1, -7), [196, 10, 10, 1], 0, 64, 1], None]]]]
[1, 1, [256, 0, [512, 1, 64], [16, 128], [200, 10, 10, 1]], [15, [16, 128], [[[1, 0, (-82, -38), (-5, 0), [190, 10, 10, 1], 0, 64, 1], None], [[0, 1, (26, -54), (-1, -6), [196, 10, 10, 1], 0, 64, 1], None]]]]
[1, 1, [256, 0, [512, 1, 64], [16, 128], [200, 10, 10, 1]], [16, [16, 128], [[[1, 0, (-86, -38), (-4, 0), [190, 10, 10, 1], 0, 64, 1], None], [[0, 1, (25, -59), (-1, -5), [196, 10, 10, 1], 0, 64, 1], None]]]]
[1, 1, [256, 0, [512, 1, 64], [16, 128], [200, 10, 10, 1]], [17, [16, 128], [[[1, 0, (-89, -38), (-3, 0), [190, 10, 10, 1], 0, 64, 1], None], [[0, 1, (24, -63), (-1, -4), [196, 10, 10, 1], 0, 64, 1], None]]]]
[1, 1, [256, 0, [512, 1, 64], [16, 128], [200, 10, 10, 1]], [18, [16, 128], [[[1, 0, (-91, -38), (-2, 0), [190, 10, 10, 1], 0, 64, 1], None], [[0, 1, (23, -66), (-1, -3), [196, 10, 10, 1], 0, 64, 1], None]]]]
[1, 1, [256, 0, [512, 1, 64], [16, 128], [200, 10, 10, 1]], [19, [16, 128], [[[1, 0, (-92, -38), (-1, 0), [190, 10, 10, 1], 0, 64, 1], None], [[0, 1, (22, -68), (-1, -2), [196, 10, 10, 1], 0, 64, 1], None]]]]
[1, 1, [256, 0, [512, 1, 64], [16, 128], [200, 10, 10, 1]], [20, [16, 128], [[[1, 0, (-92, -38), (0, 0), [190, 10, 10, 1], 0, 64, 1], None], [[0, 1, (21, -69), (-1, -1), [196, 10, 10, 1], 0, 64, 1], None]]]]
[1, 1, [256, 0, [512, 1, 64], [16, 128], [200, 10, 10, 1]], [21, [16, 128], [[[1, 0, (-91, -38), (1, 0), [190, 10, 10, 1], 0, 64, 1], None], [[0, 1, (20, -69), (-1, 0), [196, 10, 10, 1], 0, 64, 1], None]]]]
[1, 1, [256, 0, [512, 1, 64], [16, 128], [200, 10, 10, 1]], [22, [16, 128], [[[1, 0, (-89, -38), (2, 0), [190, 10, 10, 1], 0, 64, 1], None], [[0, 1, (19, -68), (-1, 1), [196, 10, 10, 1], 0, 64, 1], None]]]]
[1, 1, [256, 0, [512, 1, 64], [16, 128], [200, 10, 10, 1]], [23, [16, 128], [[[1, 0, (-86, -38), (3, 0), [190, 10, 10, 1], 0, 64, 1], None], [[0, 1, (18, -66), (-1, 2), [196, 10, 10, 1], 0, 64, 1], None]]]]
[1, 1, [256, 0, [512, 1, 64], [16, 128], [200, 10, 10, 1]], [24, [16, 128], [[[1, 0, (-82, -38), (4, 0), [190, 10, 10, 1], 0, 64, 1], None], [[0, 1, (17, -63), (-1, 3), [196, 10, 10, 1], 0, 64, 1], None]]]]
[1, 1, [256, 0, [512, 1, 64], [16, 128], [200, 10, 10, 1]], [25, [16, 128], [[[1, 0, (-77, -38), (5, 0), [190, 10, 10, 1], 0, 64, 1], None], [[0, 1, (16, -59), (-1, 4), [196, 10, 10, 1], 0, 64, 1], None]]]]
[1, 1, [256, 0, [512, 1, 64], [16, 128], [200, 10, 10, 1]], [26, [16, 128], [[[1, 0, (-71, -38), (6, 0), [190, 10, 10, 1], 0, 64, 1], None], [[0, 1, (15, -54), (-1, 5), [196, 10, 10, 1], 0, 64, 1], None]]]]
[1, 1, [256, 0, [512, 1, 64], [16, 128], [200, 10, 10, 1]], [27, [16, 128], [[[1, 0, (-64, -38), (7, 0), [190, 10, 10, 1], 0, 64, 1], None], [[0, 1, (14, -48), (-1, 6), [196, 10, 10, 1], 0, 64, 1], None]]]]
[1, 1, [256, 0, [512, 1, 64], [16, 128], [200, 10, 10, 1]], [28, [16, 128], [[[1, 0, (-56, -38), (8, 0), [190, 10, 10, 1], 0, 64, 1], None], [[0, 1, (13, -41), (-1, 7), [196, 10, 10, 1], 0, 64, 1], None]]]]
[1, 1, [256, 0, [512, 1, 64], [16, 128], [200, 10, 10, 1]], [29, [16, 128], [[[1, 0, (-47, -38), (9, 0), [190, 10, 10, 1], 0, 64, 1], None], [[0, 1, (12, -33), (-1, 8), [196, 10, 10, 1], 0, 64, 1], None]]]]
[1, 1, [256, 0, [512, 1, 64], [16, 128], [200, 10, 10, 1]], [30, [16, 128], [[[1, 0, (-38, -39), (9, -1), [189, 10, 10, 1], 0, 64, 1], [[0, (1, 1)]]], [[0, 1, (11, -24), (-1, 9), [196, 10, 10, 1], 0, 64, 1], None]]]]
