[1, 0, [256, 0, [512, 1, 64], [16, 128], [200, 10, 10, 1]], None]
[1, 1, [256, 0, [512, 1, 64], [16, 128], [200, 10, 10, 1]], [0, [16, 128], [[[1, 0, (42, -48), (0, 0), [200, 10, 10, 1], 0, 64, 1], None], [[0, 1, (-42, 48), (0, 0), [134, 64, 10, 1], 0, 64, 1], None]]]]
[1, 1, [256, 0, [512, 1, 64], [16, 128], [200, 10, 10, 1]], [1, [16, 128], [[[1, 0, (42, -47), (0, 1), [200, 10, 10, 1], 0, 64, 1], None], [[0, 1, (-43, 48), (-1, 0), [133, 64, 10, 1], 0, 64, 1], [[0, (1, -1)]]]]]]
[1, 1, [256, 0, [512, 1, 64], [16, 128], [200, 10, 10, 1]], [2, [16, 128], [[[1, 0, (43, -46), (1, 1), [199, 10, 10, 1], 0, 64, 1], [[0, (-1, 1)]]], [[0, 1, (-45, 47), (-2, -1), [132, 64, 10, 1], 0, 64, 1], [[0, (1, 0)]]]]]]
[1, 1, [256, 0, [512, 1, 64], [16, 128], [200, 10, 10, 1]], [3, [16, 128], [[[1, 0, (45, -45), (2, 1), [198, 10, 10, 1], 0, 64, 1], [[0, (-1, 1)]]], [[0, 1, (-48, 46), (-3, -1), [131, 64, 10, 1], 0, 64, 1], [[0, (1, -1)]]]]]]
[1, 1, [256, 0, [512, 1, 64], [16, 128], [200, 10, 10, 1]], [4, [16, 128], [[[1, 0, (47, -44), (2, 1), [197, 10, 10, 1], 0, 64, 1], [[0, (-1, 1)]]], [[0, 1, (-50, 45), (-2, -1), [131, 64, 10, 1], 0, 64, 1], None]]]]
[1, 1, [256, 0, [512, 1, 64], [16, 128], [200, 10, 10, 1]], [5, [16, 128], [[[1, 0, (49, -44), (2, 0), [196, 10, 10, 1], 0, 64, 1], [[0, (-1, 1)]]], [[0, 1, (-52, 45), (-2, 0), [130, 64, 10, 1], 0, 64, 1], [[0, (1, -1)]]]]]]
[1, 1, [256, 0, [512, 1, 64], [16, 128], [200, 10, 10, 1]], [6, [16, 128], [[[1, 0, (50, -44), (1, 0), [196, 10, 10, 1], 0, 64, 1], None], [[0, 1, (-53, 45), (-1, 0), [130, 64, 10, 1], 0, 64, 1], None]]]]
[1, 1, [256, 0, [512, 1, 64], [16, 128], [200, 10, 10, 1]], [7, [16, 128], [[[1, 0, (50, -44), (0, 0), [196, 10, 10, 1], 0, 64, 1], None], [[0, 1, (-54, 46), (-1, 1), [129, 64, 10, 1], 0, 64, 1], [[0, (1, -1)]]]]]]
[1, 1, [256, 0, [512, 1, 64], [16, 128], [200, 10, 10, 1]], [8, [16, 128], [[[1, 0, (49, -44), (-1, 0), [196, 10, 10, 1], 0, 64, 1], None], [[0, 1, (-54, 47), (0, 1), [129, 64, 10, 1], 0, 64, 1], None]]]]
[1, 1, [256, 0, [512, 1, 64], [16, 128], [200, 10, 10, 1]], [9, [16, 128], [[[1, 0, (47, -44), (-2, 0), [196, 10, 10, 1], 0, 64, 1], None], [[0, 1, (-54, 49), (0, 2), [128, 64, 10, 1], 0, 64, 1], [[0, (1, -1)]]]]]]
[1, 1, [256, 0, [512, 1, 64], [16, 128], [200, 10, 10, 1]], [10, [16, 128], [[[1, 0, (45, -45), (-2, -1), [195, 10, 10, 1], 0, 64, 1], [[0, (-1, 1)]]], [[0, 1, (-53, 51), (1, 2), [128, 64, 10, 1], 0, 64, 1], None]]]]
[1, 1, [256, 0, [512, 1, 64], [16, 128], [200, 10, 10, 1]], [11, [16, 128], [[[1, 0, (43, -46), (-2, -1), [194, 10, 10, 1], 0, 64, 1], [[0, (-1, 1)]]], [[0, 1, (-51, 53), (2, 2), [128, 64, 10, 1], 0, 64, 1], None]]]]
[1, 1, [256, 0, [512, 1, 64], [16, 128], [200, 10, 10, 1]], [12, [16, 128], [[[1, 0, (42, -47), (-1, -1), [193, 10, 10, 1], 0, 64, 1], [[0, (-1, 1)]]], [[0, 1, (-50, 55), (1, 2), [127, 64, 10, 1], 0, 64, 1], [[0, (1, -1)]]]]]]
[1, 1, [256, 0, [512, 1, 64], [16, 128], [200, 10, 10, 1]], [13, [16, 128], [[[1, 0, (42, -48), (0, -1), [192, 10, 10, 1], 0, 64, 1], [[0, (-1, 1)]]], [[0, 1, (-49, 56), (1, 1), [127, 64, 10, 1], 0, 64, 1], None]]]]
[1, 1, [256, 0, [512, 1, 64], [16, 128], [200, 10, 10, 1]], [14, [16, 128], [[[1, 0, (42, -48), (0, 0), [192, 10, 10, 1], 0, 64, 1], None], [[0, 1, (-49, 57), (0, 1), [126, 64, 10, 1], 0, 64, 1], [[0, (1, -1)]]]]]]
[1, 1, [256, 0, [512, 1, 64], [16, 128], [200, 10, 10, 1]], [15, [16, 128], [[[1, 0, (42, -47), (0, 1), [192, 10, 10, 1], 0, 64, 1], None], [[0, 1, (-49, 58), (0, 1), [125, 64, 10, 1], 0, 64, 1], [[0, (0, -1)]]]]]]
[1, 1, [256, 0, [512, 1, 64], [16, 128], [200, 10, 10, 1]], [16, [16, 128], [[[1, 0, (43, -46), (1, 1), [191, 10, 10, 1], 0, 64, 1], [[0, (-1, 1)]]], [[0, 1, (-49, 58), (0, 0), [125, 64, 10, 1], 0, 64, 1], None]]]]
[1, 1, [256, 0, [512, 1, 64], [16, 128], [200, 10, 10, 1]], [17, [16, 128], [[[1, 0, (45, -45), (2, 1), [190, 10, 10, 1], 0, 64, 1], [[0, (-1, 1)]]], [[0, 1, (-50, 58), (-1, 0), [124, 64, 10, 1], 0, 64, 1], [[0, (1, -1)]]]]]]
[1, 1, [256, 0, [512, 1, 64], [16, 128], [200, 10, 10, 1]], [18, [16, 128], [[[1, 0, (47, -44), (2, 1), [189, 10, 10, 1], 0, 64, 1], [[0, (-1, 1)]]], [[0, 1, (-51, 57), (-1, -1), [124, 64, 10, 1], 0, 64, 1], None]]]]
[1, 1, [256, 0, [512, 1, 64], [16, 128], [200, 10, 10, 1]], [19, [16, 128], [[[1, 0, (49, -44), (2, 0), [188, 10, 10, 1], 0, 64, 1], [[0, (-1, 1)]]], [[0, 1, (-53, 56), (-2, -1), [123, 64, 10, 1], 0, 64, 1], [[0, (1, -1)]]]]]]
[1, 1, [256, 0, [512, 1, 64], [16, 128], [200, 10, 10, 1]], [20, [16, 128], [[[1, 0, (50, -44), (1, 0), [188, 10, 10, 1], 0, 64, 1], None], [[0, 1, (-55, 54), (-2, -2), [123, 64, 10, 1], 0, 64, 1], None]]]]
[1, 1, [256, 0, [512, 1, 64], [16, 128], [200, 10, 10, 1]], [21, [16, 128], [[[1, 0, (50, -44), (0, 0), [188, 10, 10, 1], 0, 64, 1], None], [[0, 1, (-57, 53), (-2, -1), [122, 64, 10, 1], 0, 64, 1], [[0, (1, -1)]]]]]]
[1, 1, [256, 0, [512, 1, 64], [16, 128], [200, 10, 10, 1]], [22, [16, 128], [[[1, 0, (49, -44), (-1, 0), [188, 10, 10, 1], 0, 64, 1], None], [[0, 1, (-58, 52), (-1, -1), [122, 64, 10, 1], 0, 64, 1], None]]]]
[1, 1, [256, 0, [512, 1, 64], [16, 128], [200, 10, 10, 1]], [23, [16, 128], [[[1, 0, (47, -44), (-2, 0), [188, 10, 10, 1], 0, 64, 1], None], [[0, 1, (-59, 52), (-1, 0), [121, 64, 10, 1], 0, 64, 1], [[0, (1, -1)]]]]]]
[1, 1, [256, 0, [512, 1, 64], [16, 128], [200, 10, 10, 1]], [24, [16, 128], [[[1, 0, (45, -45), (-2, -1), [187, 10, 10, 1], 0, 64, 1], [[0, (-1, 1)]]], [[0, 1, (-59, 52), (0, 0), [121, 64, 10, 1], 0, 64, 1], None]]]]
[1, 1, [256, 0, [512, 1, 64], [16, 128], [200, 10, 10, 1]], [25, [16, 128], [[[1, 0, (43, -46), (-2, -1), [186, 10, 10, 1], 0, 64, 1], [[0, (-1, 1)]]], [[0, 1, (-59, 53), (0, 1), [120, 64, 10, 1], 0, 64, 1], [[0, (1, -1)]]]]]]
[1, 1, [256, 0, [512, 1, 64], [16, 128], [200, 10, 10, 1]], [26, [16, 128], [[[1, 0, (42, -47), (-1, -1), [185, 10, 10, 1], 0, 64, 1], [[0, (-1, 1)]]], [[0, 1, (-58, 54), (1, 1), [120, 64, 10, 1], 0, 64, 1], None]]]]
[1, 1, [256, 0, [512, 1, 64], [16, 128], [200, 10, 10, 1]], [27, [16, 128], [[[1, 0, (42, -48), (0, -1), [184, 10, 10, 1], 0, 64, 1], [[0, (-1, 1)]]], [[0, 1, (-57, 56), (1, 2), [119, 64, 10, 1], 0, 64, 1], [[0, (1, -1)]]]]]]
[1, 1, [256, 0, [512, 1, 64], [16, 128], [200, 10, 10, 1]], [28, [16, 128], [[[1, 0, (42, -48), (0, 0), [184, 10, 10, 1], 0, 64, 1], None], [[0, 1, (-55, 58), (2, 2), [119, 64, 10, 1], 0, 64, 1], None]]]]
[1, 1, [256, 0, [512, 1, 64], [16, 128], [200, 10, 10, 1]], [29, [16, 128], [[[1, 0, (42, -47), (0, 1), [184, 10, 10, 1], 0, 64, 1], None], [[0, 1, (-53, 60), (2, 2), [118, 64, 10, 1], 0, 64, 1], [[0, (0, -1)]]]]]]
[1, 1, [256, 0, [512, 1, 64], [16, 128], [200, 10, 10, 1]], [30, [16, 128], [[[1, 0, (43, -46), (1, 1), [183, 10, 10, 1], 0, 64, 1], [[0, (-1, 1)]]], [[0, 1, (-51, 62), (2, 2), [117, 64, 10, 1], 0, 64, 1], [[0, (0, -1)]]]]]]
[1, 1, [256, 0, [512, 1, 64], [16, 128], [200, 10, 10, 1]], [31, [16, 128], [[[1, 0, (45, -45), (2, 1), [182, 10, 10, 1], 0, 64, 1], [[0, (-1, 1)]]], [[0, 1, (-49, 63), (2, 1), [117, 64, 10, 1], 0, 64, 1], None]]]]
[1, 1, [256, 0, [512, 1, 64], [16, 128], [200, 10, 10, 1]], [32, [16, 128], [[[1, 0, (47, -44), (2, 1), [181, 10, 10, 1], 0, 64, 1], [[0, (-1, 1)]]], [[0, 1, (-48, 64), (1, 1), [116, 64, 10, 1], 0, 64, 1], [[0, (1, -1)]]]]]]
[1, 1, [256, 0, [512, 1, 64], [16, 128], [200, 10, 10, 1]], [33, [16, 128], [[[1, 0, (49, -44), (2, 0), [180, 10, 10, 1], 0, 64, 1], [[0, (-1, 1)]]], [[0, 1, (-47, 64), (1, 0), [116, 64, 10, 1], 0, 64, 1], None]]]]
[1, 1, [256, 0, [512, 1, 64], [16, 128], [200, 10, 10, 1]], [34, [16, 128], [[[1, 0, (50, -44), (1, 0), [180, 10, 10, 1], 0, 64, 1], None], [[0, 1, (-47, 64), (0, 0), [115, 64, 10, 1], 0, 64, 1], [[0, (1, -1)]]]]]]
[1, 1, [256, 0, [512, 1, 64], [16, 128], [200, 10, 10, 1]], [35, [16, 128], [[[1, 0, (50, -44), (0, 0), [180, 10, 10, 1], 0, 64, 1], None], [[0, 1, (-47, 63), (0, -1), [115, 64, 10, 1], 0, 64, 1], None]]]]
[1, 1, [256, 0, [512, 1, 64], [16, 128], [200, 10, 10, 1]], [36, [16, 128], [[[1, 0, (49, -44), (-1, 0), [180, 10, 10, 1], 0, 64, 1], None], [[0, 1, (-48, 62), (-1, -1), [114, 64, 10, 1], 0, 64, 1], [[0, (1, -1)]]]]]]
[1, 1, [256, 0, [512, 1, 64], [16, 128], [200, 10, 10, 1]], [37, [16, 128], [[[1, 0, (47, -44), (-2, 0), [180, 10, 10, 1], 0, 64, 1], None], [[0, 1, (-50, 61), (-2, -1), [113, 64, 10, 1], 0, 64, 1], [[0, (1, -1)]]]]]]
[1, 1, [256, 0, [512, 1, 64], [16, 128], [200, 10, 10, 1]], [38, [16, 128], [[[1, 0, (45, -45), (-2, -1), [179, 10, 10, 1], 0, 64, 1], [[0, (-1, 1)]]], [[0, 1, (-52, 59), (-2, -2), [113, 64, 10, 1], 0, 64, 1], None]]]]
[1, 1, [256, 0, [512, 1, 64], [16, 128], [200, 10, 10, 1]], [39, [16, 128], [[[1, 0, (43, -46), (-2, -1), [178, 10, 10, 1], 0, 64, 1], [[0, (-1, 1)]]], [[0, 1, (-55, 57), (-3, -2), [112, 64, 10, 1], 0, 64, 1], [[0, (1, -1)]]]]]]
[1, 1, [256, 0, [512, 1, 64], [16, 128], [200, 10, 10, 1]], [40, [16, 128], [[[1, 0, (42, -47), (-1, -1), [177, 10, 10, 1], 0, 64, 1], [[0, (-1, 1)]]], [[0, 1, (-58, 54), (-3, -3), [112, 64, 10, 1], 0, 64, 1], None]]]]
[1, 1, [256, 0, [512, 1, 64], [16, 128], [200, 10, 10, 1]], [41, [16, 128], [[[1, 0, (42, -48), (0, -1), [176, 10, 10, 1], 0, 64, 1], [[0, (-1, 1)]]], [[0, 1, (-60, 52), (-2, -2), [111, 64, 10, 1], 0, 64, 1], [[0, (0, -1)]]]]]]
[1, 1, [256, 0, [512, 1, 64], [16, 128], [200, 10, 10, 1]], [42, [16, 128], [[[1, 0, (42, -48), (0, 0), [176, 10, 10, 1], 0, 64, 1], None], [[0, 1, (-61, 51), (-1, -1), [110, 64, 10, 1], 0, 64, 1], [[0, (0, -1)]]]]]]
[1, 1, [256, 0, [512, 1, 64], [16, 128], [200, 10, 10, 1]], [43, [16, 128], [[[1, 0, (42, -47), (0, 1), [176, 10, 10, 1], 0, 64, 1], None], [[0, 1, (-62, 51), (-1, 0), [109, 64, 10, 1], 0, 64, 1], [[0, (1, -1)]]]]]]
[1, 1, [256, 0, [512, 1, 64], [16, 128], [200, 10, 10, 1]], [44, [16, 128], [[[1, 0, (43, -46), (1, 1), [175, 10, 10, 1], 0, 64, 1], [[0, (-1, 1)]]], [[0, 1, (-62, 51), (0, 0), [109, 64, 10, 1], 0, 64, 1], None]]]]
[1, 1, [256, 0, [512, 1, 64], [16, 128], [200, 10, 10, 1]], [45, [16, 128], [[[1, 0, (45, -45), (2, 1), [174, 10, 10, 1], 0, 64, 1], [[0, (-1, 1)]]], [[0, 1, (-62, 52), (0, 1), [108, 64, 10, 1], 0, 64, 1], [[0, (1, -1)]]]]]]
[1, 1, [256, 0, [512, 1, 64], [16, 128], [200, 10, 10, 1]], [46, [16, 128], [[[1, 0, (47, -44), (2, 1), [173, 10, 10, 1], 0, 64, 1], [[0, (-1, 1)]]], [[0, 1, (-61, 53), (1, 1), [108, 64, 10, 1], 0, 64, 1], None]]]]
[1, 1, [256, 0, [512, 1, 64], [16, 128], [200, 10, 10, 1]], [47, [16, 128], [[[1, 0, (49, -44), (2, 0), [172, 10, 10, 1], 0, 64, 1], [[0, (-1, 1)]]], [[0, 1, (-59, 55), (2, 2), [107, 64, 10, 1], 0, 64, 1], [[0, (0, -1)]]]]]]
[1, 1, [256, 0, [512, 1, 64], [16, 128], [200, 10, 10, 1]], [48, [16, 128], [[[1, 0, (50, -44), (1, 0), [172, 10, 10, 1], 0, 64, 1], None], [[0, 1, (-57, 58), (2, 3), [106, 64, 10, 1], 0, 64, 1], [[0, (1, -1)]]]]]]
[1, 1, [256, 0, [512, 1, 64], [16, 128], [200, 10, 10, 1]], [49, [16, 128], [[[1, 0, (50, -44), (0, 0), [172, 10, 10, 1], 0, 64, 1], None], [[0, 1, (-55, 60), (2, 2), [106, 64, 10, 1], 0, 64, 1], None]]]]
[1, 1, [256, 0, [512, 1, 64], [16, 128], [200, 10, 10, 1]], [50, [16, 128], [[[1, 0, (49, -44), (-1, 0), [172, 10, 10, 1], 0, 64, 1], None], [[0, 1, (-53, 61), (2, 1), [106, 64, 10, 1], 0, 64, 1], None]]]]
[1, 1, [256, 0, [512, 1, 64], [16, 128], [200, 10, 10, 1]], [51, [16, 128], [[[1, 0, (47, -44), (-2, 0), [172, 10, 10, 1], 0, 64, 1], None], [[0, 1, (-52, 62), (1, 1), [105, 64, 10, 1], 0, 64, 1], [[0, (1, -1)]]]]]]
[1, 1, [256, 0, [512, 1, 64], [16, 128], [200, 10, 10, 1]], [52, [16, 128], [[[1, 0, (45, -45), (-2, -1), [171, 10, 10, 1], 0, 64, 1], [[0, (-1, 1)]]], [[0, 1, (-51, 63), (1, 1), [104, 64, 10, 1], 0, 64, 1], [[0, (0, -1)]]]]]]
