[1, 0, [256, 0, [512, 1, 64], [16, 128], [64, 48, 14, 1]], None]
[1, 1, [256, 0, [512, 1, 64], [16, 128], [64, 48, 14, 1]], [0, [16, 128], [[[1, 0, (23, -48), (0, 0), [64, 48, 14, 1], 0, 64, 1], None], [[0, 1, (-23, 48), (0, 0), [100, 10, 10, 1], 0, 64, 1], None]]]]
[1, 1, [256, 0, [512, 1, 64], [16, 128], [64, 48, 14, 1]], [1, [16, 128], [[[1, 0, (23, -47), (0, 1), [64, 48, 14, 1], 34, 64, 1], [[2, (-23, 48), 48, 0, 4]]], [[0, 1, (-23, 47), (0, -1), [100, 10, 10, 1], 0, 64, 1], None]]]]
[1, 1, [256, 0, [512, 1, 64], [16, 128], [64, 48, 14, 1]], [2, [16, 128], [[[1, 0, (23, -45), (0, 2), [60, 48, 14, 1], 64, 64, 1], [[2, (-23, 46), 48, 0, 4]]], [[0, 1, (-24, 46), (-1, -1), [99, 10, 10, 1], 0, 64, 1], [[0, (1, -1)]]]]]]
[1, 1, [256, 0, [512, 1, 64], [16, 128], [64, 48, 14, 1]], [3, [16, 128], [[[1, 0, (23, -42), (0, 3), [26, 48, 14, 1], 64, 64, 1], [[2, (-25, 45), 48, 0, 4]]], [[0, 1, (-26, 45), (-2, -1), [98, 10, 10, 1], 0, 64, 1], [[0, (1, -1)]]]]]]
[1, 1, [256, 0, [512, 1, 64], [16, 128], [64, 48, 14, 1]], [4, [16, 128], [[[1, 0, (23, -38), (0, 4), [0, 40, 14, 1], 64, 64, 1], [[2, (-28, 44), 48, 0, 4]]], [[0, 1, (-29, 44), (-3, -1), [97, 10, 10, 1], 0, 64, 1], [[0, (1, -1)]]]]]]
[1, 1, [256, 0, [512, 1, 64], [16, 128], [64, 48, 14, 1]], [5, [16, 128], [[[1, 0, (23, -33), (0, 5), [0, 14, 14, 1], 64, 64, 1], [[2, (-32, 43), 40, 0, 4]]], [[0, 1, (-33, 43), (-4, -1), [96, 10, 10, 1], 0, 64, 1], [[0, (1, -1)]]]]]]
[1, 1, [256, 0, [512, 1, 64], [16, 128], [64, 48, 14, 1]], [6, [16, 128], [[[1, 0, (23, -27), (0, 6), [0, 14, 14, 1], 64, 64, 1], [[2, (-37, 42), 14, 0, 4]]], [[0, 1, (-38, 42), (-5, -1), [95, 10, 10, 1], 0, 64, 1], [[0, (1, -1)]]]]]]
[1, 1, [256, 0, [512, 1, 64], [16, 128], [64, 48, 14, 1]], [7, [16, 128], [[[1, 0, (23, -20), (0, 7), [0, 14, 14, 1], 64, 64, 1], [[2, (-43, 41), 14, 0, 4]]], [[0, 1, (-44, 41), (-6, -1), [94, 10, 10, 1], 0, 64, 1], [[0, (1, -1)]]]]]]
[1, 1, [256, 0, [512, 1, 64], [16, 128], [64, 48, 14, 1]], [8, [16, 128], [[[1, 0, (22, -13), (-1, 7), [0, 14, 14, 1], 64, 64, 1], [[2, (-50, 40), 14, 0, 4]]], [[0, 1, (-50, 41), (-6, 0), [93, 10, 10, 1], 0, 64, 1], [[0, (1, -1)]]]]]]
[1, 1, [256, 0, [512, 1, 64], [16, 128], [64, 48, 14, 1]], [9, [16, 128], [[[1, 0, (20, -6), (-2, 7), [0, 14, 14, 1], 64, 64, 1], [[2, (-56, 41), 14, 0, 4]]], [[0, 1, (-55, 41), (-5, 0), [93, 10, 10, 1], 0, 64, 1], None]]]]
[1, 1, [256, 0, [512, 1, 64], [16, 128], [64, 48, 14, 1]], [10, [16, 128], [[[1, 0, (17, 1), (-3, 7), [0, 14, 14, 1], 64, 64, 1], [[2, (-60, 41), 14, 0, 4]]], [[0, 1, (-59, 41), (-4, 0), [93, 10, 10, 1], 0, 64, 1], None]]]]
[1, 2, [256, 0, [512, 1, 64], [16, 128], [64, 48, 14, 1]], [11, [16, 128], [[[1, 0, (13, 8), (-4, 7), [0, 0, 0, 0], 64, 64, 1], None], [[0, 1, (-62, 41), (-3, 0), [93, 10, 10, 1], 0, 64, 1], None]]]]
