[1, 0, [256, 0, [512, 1, 64], [16, 128], [200, 10, 10, 1]], None]
[1, 1, [256, 0, [512, 1, 64], [16, 128], [200, 10, 10, 1]], [0, [16, 128], [[[1, 0, (-48, 48), (0, 0), [200, 10, 10, 1], 0, 64, 1], None], [[0, 1, (48, -48), (0, 0), [134, 64, 10, 1], 0, 64, 1], None]]]]
[1, 1, [256, 0, [512, 1, 64], [16, 128], [200, 10, 10, 1]], [1, [16, 128], [[[1, 0, (-47, 47), (1, -1), [200, 10, 10, 1], 0, 64, 1], None], [[0, 1, (46, -46), (-2, 2), [133, 64, 10, 1], 0, 64, 1], [[0, (1, -1)]]]]]]
[1, 1, [256, 0, [512, 1, 64], [16, 128], [200, 10, 10, 1]], [2, [16, 128], [[[1, 0, (-46, 46), (1, -1), [199, 10, 10, 1], 0, 64, 1], [[0, (1, -1)]]], [[0, 1, (43, -43), (-3, 3), [133, 64, 10, 1], 0, 64, 1], None]]]]
[1, 1, [256, 0, [512, 1, 64], [16, 128], [200, 10, 10, 1]], [3, [16, 128], [[[1, 0, (-45, 45), (1, -1), [198, 10, 10, 1], 0, 64, 1], [[0, (1, -1)]]], [[0, 1, (40, -38), (-3, 5), [132, 64, 10, 1], 0, 64, 1], [[0, (-1, -1)]]]]]]
[1, 1, [256, 0, [512, 1, 64], [16, 128], [200, 10, 10, 1]], [4, [16, 128], [[[1, 0, (-44, 44), (1, -1), [197, 10, 10, 1], 0, 64, 1], [[0, (1, -1)]]], [[0, 1, (36, -33), (-4, 5), [132, 64, 10, 1], 0, 64, 1], None]]]]
[1, 1, [256, 0, [512, 1, 64], [16, 128], [200, 10, 10, 1]], [5, [16, 128], [[[1, 0, (-43, 43), (1, -1), [196, 10, 10, 1], 0, 64, 1], [[0, (1, -1)]]], [[0, 1, (31, -28), (-5, 5), [132, 64, 10, 1], 0, 64, 1], None]]]]
[1, 1, [256, 0, [512, 1, 64], [16, 128], [200, 10, 10, 1]], [6, [16, 128], [[[1, 0, (-42, 42), (1, -1), [195, 10, 10, 1], 0, 64, 1], [[0, (1, -1)]]], [[0, 1, (25, -23), (-6, 5), [132, 64, 10, 1], 0, 64, 1], None]]]]
[1, 1, [256, 0, [512, 1, 64], [16, 128], [200, 10, 10, 1]], [7, [16, 128], [[[1, 0, (-41, 41), (1, -1), [194, 10, 10, 1], 0, 64, 1], [[0, (1, -1)]]], [[0, 1, (17, -19), (-8, 4), [131, 64, 10, 1], 0, 64, 1], [[0, (1, 1)]]]]]]
[1, 2, [256, 0, [512, 1, 64], [16, 128], [200, 10, 10, 1]], [8, [16, 128], [[[1, 0, (-40, 40), (1, -1), [193, 10, 10, 1], 0, 64, 1], [[0, (1, -1)]]], [[0, 1, (8, -15), (-9, 4), [0, 0, 0, 0], 8, 64, 1], [[0, (1, 1)]]]]]]
