[1, 0, [256, 0, [512, 1, 64], [16, 128], [200, 10, 10, 1]], None]
[1, 1, [256, 0, [512, 1, 64], [16, 128], [200, 10, 10, 1]], [0, [16, 128], [[[1, 0, (-48, -34), (0, 0), [200, 10, 10, 1], 0, 64, 1], None], [[0, 1, (48, 34), (0, 0), [200, 10, 10, 1], 0, 64, 1], None]]]]
[1, 1, [256, 0, [512, 1, 64], [16, 128], [200, 10, 10, 1]], [1, [16, 128], [[[1, 0, (-47, -34), (1, 0), [200, 10, 10, 1], 0, 64, 1], None], [[0, 1, (47, 34), (-1, 0), [200, 10, 10, 1], 0, 64, 1], None]]]]
[1, 1, [256, 0, [512, 1, 64], [16, 128], [200, 10, 10, 1]], [2, [16, 128], [[[1, 0, (-46, -35), (1, -1), [199, 10, 10, 1], 0, 64, 1], [[0, (1, 1)]]], [[0, 1, (46, 35), (-1, 1), [199, 10, 10, 1], 0, 64, 1], [[0, (-1, -1)]]]]]]
[1, 1, [256, 0, [512, 1, 64], [16, 128], [200, 10, 10, 1]], [3, [16, 128], [[[1, 0, (-45, -37), (1, -2), [198, 10, 10, 1], 0, 64, 1], [[0, (1, 1)]]], [[0, 1, (45, 37), (-1, 2), [198, 10, 10, 1], 0, 64, 1], [[0, (-1, -1)]]]]]]
[1, 1, [256, 0, [512, 1, 64], [16, 128], [200, 10, 10, 1]], [4, [16, 128], [[[1, 0, (-44, -40), (1, -3), [197, 10, 10, 1], 0, 64, 1], [[0, (1, 1)]]], [[0, 1, (44, 40), (-1, 3), [197, 10, 10, 1], 0, 64, 1], [[0, (-1, -1)]]]]]]
[1, 1, [256, 0, [512, 1, 64], [16, 128], [200, 10, 10, 1]], [5, [16, 128], [[[1, 0, (-43, -44), (1, -4), [196, 10, 10, 1], 0, 64, 1], [[0, (1, 1)]]], [[0, 1, (43, 44), (-1, 4), [196, 10, 10, 1], 0, 64, 1], [[0, (-1, -1)]]]]]]
[1, 1, [256, 0, [512, 1, 64], [16, 128], [200, 10, 10, 1]], [6, [16, 128], [[[1, 0, (-43, -48), (0, -4), [195, 10, 10, 1], 0, 64, 1], [[0, (1, 1)]]], [[0, 1, (43, 48), (0, 4), [195, 10, 10, 1], 0, 64, 1], [[0, (-1, -1)]]]]]]
[1, 1, [256, 0, [512, 1, 64], [16, 128], [200, 10, 10, 1]], [7, [16, 128], [[[1, 0, (-43, -51), (0, -3), [195, 10, 10, 1], 0, 64, 1], None], [[0, 1, (43, 51), (0, 3), [195, 10, 10, 1], 0, 64, 1], None]]]]
[1, 1, [256, 0, [512, 1, 64], [16, 128], [200, 10, 10, 1]], [8, [16, 128], [[[1, 0, (-43, -53), (0, -2), [195, 10, 10, 1], 0, 64, 1], None], [[0, 1, (43, 53), (0, 2), [195, 10, 10, 1], 0, 64, 1], None]]]]
[1, 1, [256, 0, [512, 1, 64], [16, 128], [200, 10, 10, 1]], [9, [16, 128], [[[1, 0, (-43, -54), (0, -1), [195, 10, 10, 1], 0, 64, 1], None], [[0, 1, (43, 54), (0, 1), [195, 10, 10, 1], 0, 64, 1], None]]]]
[1, 1, [256, 0, [512, 1, 64], [16, 128], [200, 10, 10, 1]], [10, [16, 128], [[[1, 0, (-43, -54), (0, 0), [195, 10, 10, 1], 0, 64, 1], None], [[0, 1, (43, 54), (0, 0), [195, 10, 10, 1], 0, 64, 1], None]]]]
[1, 1, [256, 0, [512, 1, 64], [16, 128], [200, 10, 10, 1]], [11, [16, 128], [[[1, 0, (-43, -53), (0, 1), [195, 10, 10, 1], 0, 64, 1], None], [[0, 1, (43, 53), (0, -1), [195, 10, 10, 1], 0, 64, 1], None]]]]
