[1, 0, [256, 0, [512, 1, 64], [16, 128], [64, 64, 10, 4]], None]
[1, 1, [256, 0, [512, 1, 64], [16, 128], [64, 64, 10, 4]], [0, [16, 128], [[[1, 0, (48, -35), (0, 0), [64, 64, 10, 4], 0, 64, 1], None], [[0, 1, (-48, 35), (0, 0), [64, 48, 14, 1], 0, 64, 1], None]]]]
[1, 1, [256, 0, [512, 1, 64], [16, 128], [64, 64, 10, 4]], [1, [16, 128], [[[1, 0, (47, -35), (-1, 0), [64, 64, 10, 4], 0, 64, 1], None], [[0, 1, (-47, 35), (1, 0), [64, 48, 14, 1], 34, 64, 1], [[2, (48, -35), 48, 0, 4]]]]]]
[1, 1, [256, 0, [512, 1, 64], [16, 128], [64, 64, 10, 4]], [2, [16, 128], [[[1, 0, (45, -35), (-2, 0), [64, 64, 10, 4], 0, 64, 1], None], [[0, 1, (-46, 36), (1, 1), [51, 48, 14, 1], 64, 64, 1], [[0, (1, -1)], [2, (46, -35), 48, 0, 4]]]]]]
[1, 1, [256, 0, [512, 1, 64], [16, 128], [64, 64, 10, 4]], [3, [16, 128], [[[1, 0, (42, -35), (-3, 0), [64, 64, 10, 4], 0, 64, 1], None], [[0, 1, (-45, 38), (1, 2), [8, 48, 14, 1], 64, 64, 1], [[0, (1, -1)], [2, (43, -35), 48, 8, 4]]]]]]
[1, 1, [256, 0, [512, 1, 64], [16, 128], [64, 64, 10, 4]], [4, [16, 128], [[[1, 0, (38, -35), (-4, 0), [64, 64, 10, 4], 0, 64, 1], None], [[0, 1, (-44, 41), (1, 3), [0, 13, 14, 1], 64, 64, 1], [[0, (1, -1)], [2, (39, -35), 48, 38, 4]]]]]]
[1, 1, [256, 0, [512, 1, 64], [16, 128], [64, 64, 10, 4]], [5, [16, 128], [[[1, 0, (33, -35), (-5, 0), [64, 64, 10, 4], 0, 64, 1], None], [[0, 1, (-42, 44), (2, 3), [0, 13, 14, 1], 63, 64, 1], [[2, (34, -35), 13, 0, 4]]]]]]
[1, 1, [256, 0, [512, 1, 64], [16, 128], [64, 64, 10, 4]], [6, [16, 128], [[[1, 0, (28, -34), (-5, 1), [64, 64, 10, 4], 0, 64, 1], None], [[0, 1, (-40, 46), (2, 2), [0, 13, 14, 1], 62, 64, 1], [[2, (28, -35), 13, 0, 4]]]]]]
[1, 1, [256, 0, [512, 1, 64], [16, 128], [64, 64, 10, 4]], [7, [16, 128], [[[1, 0, (23, -32), (-5, 2), [64, 64, 10, 4], 0, 64, 1], None], [[0, 1, (-38, 47), (2, 1), [0, 13, 14, 1], 61, 64, 1], [[2, (23, -33), 13, 0, 4]]]]]]
[1, 1, [256, 0, [512, 1, 64], [16, 128], [64, 64, 10, 4]], [8, [16, 128], [[[1, 0, (18, -29), (-5, 3), [64, 64, 10, 4], 0, 64, 1], None], [[0, 1, (-36, 47), (2, 0), [0, 13, 14, 1], 60, 64, 1], [[2, (18, -30), 13, 0, 4]]]]]]
[1, 1, [256, 0, [512, 1, 64], [16, 128], [64, 64, 10, 4]], [9, [16, 128], [[[1, 0, (13, -25), (-5, 4), [64, 64, 10, 4], 0, 64, 1], None], [[0, 1, (-34, 46), (2, -1), [0, 13, 14, 1], 59, 64, 1], [[2, (13, -26), 13, 0, 4]]]]]]
[1, 1, [256, 0, [512, 1, 64], [16, 128], [64, 64, 10, 4]], [10, [16, 128], [[[1, 0, (8, -20), (-5, 5), [64, 64, 10, 4], 0, 64, 1], None], [[0, 1, (-32, 44), (2, -2), [0, 13, 14, 1], 58, 64, 1], [[2, (8, -21), 13, 0, 4]]]]]]
[1, 2, [256, 0, [512, 1, 64], [16, 128], [64, 64, 10, 4]], [11, [16, 128], [[[1, 0, (3, -14), (-5, 6), [0, 0, 0, 0], 0, 64, 1], None], [[0, 1, (-30, 41), (2, -3), [0, 13, 14, 1], 57, 64, 1], [[2, (3, -15), 13, 0, 4]]]]]]
