[1, 0, [256, 0, [512, 1, 64], [16, 128], [20, 52, 15, 1]], None]
[1, 1, [256, 0, [512, 1, 64], [16, 128], [20, 52, 15, 1]], [0, [16, 128], [[[1, 0, (48, -16), (0, 0), [20, 52, 15, 1], 0, 64, 1], None], [[0, 1, (-48, 16), (0, 0), [1, 1, 1, 1], 0, 64, 1], None]]]]
[1, 1, [256, 0, [512, 1, 64], [16, 128], [20, 52, 15, 1]], [1, [16, 128], [[[1, 0, (47, -16), (-1, 0), [20, 52, 15, 1], 37, 64, 1], [[2, (-47, 16), 52, 0, 4]]], [[0, 1, (-47, 16), (1, 0), [1, 1, 1, 1], 0, 64, 1], None]]]]
[1, 1, [256, 0, [512, 1, 64], [16, 128], [20, 52, 15, 1]], [2, [16, 128], [[[1, 0, (45, -16), (-2, 0), [20, 52, 15, 1], 22, 64, 1], None], [[0, 1, (-45, 16), (2, 0), [1, 1, 1, 1], 0, 64, 1], None]]]]
[1, 1, [256, 0, [512, 1, 64], [16, 128], [20, 52, 15, 1]], [3, [16, 128], [[[1, 0, (42, -16), (-3, 0), [20, 52, 15, 1], 59, 64, 1], [[2, (-42, 16), 52, 0, 4]]], [[0, 1, (-42, 16), (3, 0), [1, 1, 1, 1], 0, 64, 1], None]]]]
[1, 1, [256, 0, [512, 1, 64], [16, 128], [20, 52, 15, 1]], [4, [16, 128], [[[1, 0, (38, -16), (-4, 0), [20, 52, 15, 1], 44, 64, 1], None], [[0, 1, (-38, 16), (4, 0), [1, 1, 1, 1], 0, 64, 1], None]]]]
[1, 1, [256, 0, [512, 1, 64], [16, 128], [20, 52, 15, 1]], [5, [16, 128], [[[1, 0, (33, -16), (-5, 0), [20, 52, 15, 1], 29, 64, 1], None], [[0, 1, (-33, 16), (5, 0), [1, 1, 1, 1], 0, 64, 1], None]]]]
[1, 1, [256, 0, [512, 1, 64], [16, 128], [20, 52, 15, 1]], [6, [16, 128], [[[1, 0, (27, -16), (-6, 0), [18, 52, 15, 1], 64, 64, 1], [[2, (-27, 16), 52, 0, 4]]], [[0, 1, (-27, 16), (6, 0), [1, 1, 1, 1], 0, 64, 1], None]]]]
[1, 1, [256, 0, [512, 1, 64], [16, 128], [20, 52, 15, 1]], [7, [16, 128], [[[1, 0, (20, -16), (-7, 0), [18, 52, 15, 1], 49, 64, 1], None], [[0, 1, (-20, 16), (7, 0), [1, 1, 1, 1], 0, 64, 1], None]]]]
[1, 2, [256, 0, [512, 1, 64], [16, 128], [20, 52, 15, 1]], [8, [16, 128], [[[1, 0, (12, -16), (-8, 0), [0, 0, 0, 0], 49, 64, 1], None], [[0, 1, (-12, 16), (8, 0), [0, 0, 0, 0], 0, 64, 1], None]]]]
