[1, 0, [256, 0, [512, 1, 64], [16, 128], [64, 48, 14, 1]], None]
[1, 1, [256, 0, [512, 1, 64], [16, 128], [64, 48, 14, 1]], [0, [16, 128], [[[1, 0, (8, 48), (0, 0), [64, 48, 14, 1], 0, 64, 1], None], [[0, 1, (-8, -48), (0, 0), [100, 10, 10, 1], 0, 64, 1], None]]]]
[1, 1, [256, 0, [512, 1, 64], [16, 128], [64, 48, 14, 1]], [1, [16, 128], [[[1, 0, (8, 47), (0, -1), [64, 48, 14, 1], 34, 64, 1], [[2, (-8, -48), 48, 2, 4]]], [[0, 1, (-8, -47), (0, 1), [100, 10, 10, 1], 0, 64, 1], None]]]]
[1, 1, [256, 0, [512, 1, 64], [16, 128], [64, 48, 14, 1]], [2, [16, 128], [[[1, 0, (9, 46), (1, -1), [51, 48, 14, 1], 64, 64, 1], [[0, (-1, -1)], [2, (-8, -46), 48, 0, 4]]], [[0, 1, (-9, -46), (-1, 1), [99, 10, 10, 1], 0, 64, 1], [[0, (1, 1)]]]]]]
[1, 1, [256, 0, [512, 1, 64], [16, 128], [64, 48, 14, 1]], [3, [16, 128], [[[1, 0, (11, 45), (2, -1), [8, 48, 14, 1], 64, 64, 1], [[0, (-1, -1)], [2, (-10, -45), 48, 0, 4]]], [[0, 1, (-11, -45), (-2, 1), [98, 10, 10, 1], 0, 64, 1], [[0, (1, 1)]]]]]]
[1, 1, [256, 0, [512, 1, 64], [16, 128], [64, 48, 14, 1]], [4, [16, 128], [[[1, 0, (14, 44), (3, -1), [0, 13, 14, 1], 64, 64, 1], [[0, (-1, -1)], [2, (-13, -44), 48, 0, 4]]], [[0, 1, (-14, -44), (-3, 1), [97, 10, 10, 1], 0, 64, 1], [[0, (1, 1)]]]]]]
[1, 1, [256, 0, [512, 1, 64], [16, 128], [64, 48, 14, 1]], [5, [16, 128], [[[1, 0, (17, 42), (3, -2), [0, 13, 14, 1], 63, 64, 1], [[2, (-17, -43), 13, 0, 4]]], [[0, 1, (-18, -43), (-4, 1), [96, 10, 10, 1], 0, 64, 1], [[0, (1, 1)]]]]]]
[1, 1, [256, 0, [512, 1, 64], [16, 128], [64, 48, 14, 1]], [6, [16, 128], [[[1, 0, (20, 39), (3, -3), [0, 13, 14, 1], 62, 64, 1], [[2, (-22, -42), 13, 0, 4]]], [[0, 1, (-23, -42), (-5, 1), [95, 10, 10, 1], 0, 64, 1], [[0, (1, 1)]]]]]]
[1, 1, [256, 0, [512, 1, 64], [16, 128], [64, 48, 14, 1]], [7, [16, 128], [[[1, 0, (23, 35), (3, -4), [0, 13, 14, 1], 61, 64, 1], [[2, (-28, -41), 13, 0, 4]]], [[0, 1, (-29, -41), (-6, 1), [94, 10, 10, 1], 0, 64, 1], [[0, (1, 1)]]]]]]
[1, 1, [256, 0, [512, 1, 64], [16, 128], [64, 48, 14, 1]], [8, [16, 128], [[[1, 0, (26, 30), (3, -5), [0, 13, 14, 1], 60, 64, 1], [[2, (-35, -40), 13, 0, 4]]], [[0, 1, (-36, -40), (-7, 1), [93, 10, 10, 1], 0, 64, 1], [[0, (1, 1)]]]]]]
[1, 1, [256, 0, [512, 1, 64], [16, 128], [64, 48, 14, 1]], [9, [16, 128], [[[1, 0, (29, 24), (3, -6), [0, 13, 14, 1], 59, 64, 1], [[2, (-43, -39), 13, 0, 4]]], [[0, 1, (-44, -39), (-8, 1), [92, 10, 10, 1], 0, 64, 1], [[0, (1, 1)]]]]]]
[1, 1, [256, 0, [512, 1, 64], [16, 128], [64, 48, 14, 1]], [10, [16, 128], [[[1, 0, (31, 18), (2, -6), [0, 13, 14, 1], 58, 64, 1], [[2, (-52, -38), 13, 0, 4]]], [[0, 1, (-52, -39), (-8, 0), [91, 10, 10, 1], 0, 64, 1], [[0, (1, 1)]]]]]]
[1, 1, [256, 0, [512, 1, 64], [16, 128], [64, 48, 14, 1]], [11, [16, 128], [[[1, 0, (32, 12), (1, -6), [0, 13, 14, 1], 57, 64, 1], [[2, (-60, -39), 13, 0, 4]]], [[0, 1, (-59, -39), (-7, 0), [91, 10, 10, 1], 0, 64, 1], None]]]]
[1, 1, [256, 0, [512, 1, 64], [16, 128], [64, 48, 14, 1]], [12, [16, 128], [[[1, 0, (32, 6), (0, -6), [0, 13, 14, 1], 56, 64, 1], [[2, (-66, -39), 13, 0, 4]]], [[0, 1, (-65, -39), (-6, 0), [91, 10, 10, 1], 0, 64, 1], None]]]]
[1, 1, [256, 0, [512, 1, 64], [16, 128], [64, 48, 14, 1]], [13, [16, 128], [[[1, 0, (31, 0), (-1, -6), [0, 13, 14, 1], 55, 64, 1], [[2, (-71, -39), 13, 0, 4]]], [[0, 1, (-70, -39), (-5, 0), [91, 10, 10, 1], 0, 64, 1], None]]]]
[1, 1, [256, 0, [512, 1, 64], [16, 128], [64, 48, 14, 1]], [14, [16, 128], [[[1, 0, (29, -6), (-2, -6), [0, 13, 14, 1], 54, 64, 1], [[2, (-75, -39), 13, 0, 4]]], [[0, 1, (-74, -39), (-4, 0), [91, 10, 10, 1], 0, 64, 1], None]]]]
[1, 1, [256, 0, [512, 1, 64], [16, 128], [64, 48, 14, 1]], [15, [16, 128], [[[1, 0, (26, -12), (-3, -6), [0, 13, 14, 1], 53, 64, 1], [[2, (-78, -39), 13, 0, 4]]], [[0, 1, (-77, -39), (-3, 0), [91, 10, 10, 1], 0, 64, 1], None]]]]
[1, 1, [256, 0, [512, 1, 64], [16, 128], [64, 48, 14, 1]], [16, [16, 128], [[[1, 0, (22, -18), (-4, -6), [0, 13, 14, 1], 52, 64, 1], [[2, (-80, -39), 13, 0, 4]]], [[0, 1, (-79, -39), (-2, 0), [91, 10, 10, 1], 0, 64, 1], None]]]]
[1, 1, [256, 0, [512, 1, 64], [16, 128], [64, 48, 14, 1]], [17, [16, 128], [[[1, 0, (17, -24), (-5, -6), [0, 13, 14, 1], 51, 64, 1], [[2, (-81, -39), 13, 0, 4]]], [[0, 1, (-80, -39), (-1, 0), [91, 10, 10, 1], 0, 64, 1], None]]]]
[1, 1, [256, 0, [512, 1, 64], [16, 128], [64, 48, 14, 1]], [18, [16, 128], [[[1, 0, (12, -29), (-5, -5), [0, 13, 14, 1], 50, 64, 1], [[2, (-81, -39), 13, 0, 4]]], [[0, 1, (-80, -39), (0, 0), [91, 10, 10, 1], 0, 64, 1], None]]]]
[1, 1, [256, 0, [512, 1, 64], [16, 128], [64, 48, 14, 1]], [19, [16, 128], [[[1, 0, (7, -33), (-5, -4), [0, 13, 14, 1], 49, 64, 1], [[2, (-80, -39), 13, 0, 4]]], [[0, 1, (-79, -39), (1, 0), [91, 10, 10, 1], 0, 64, 1], None]]]]
[1, 1, [256, 0, [512, 1, 64], [16, 128], [64, 48, 14, 1]], [20, [16, 128], [[[1, 0, (2, -36), (-5, -3), [0, 13, 14, 1], 48, 64, 1], [[2, (-78, -39), 13, 0, 4]]], [[0, 1, (-77, -39), (2, 0), [91, 10, 10, 1], 0, 64, 1], None]]]]
[1, 1, [256, 0, [512, 1, 64], [16, 128], [64, 48, 14, 1]], [21, [16, 128], [[[1, 0, (-3, -38), (-5, -2), [0, 13, 14, 1], 47, 64, 1], [[2, (-75, -39), 13, 0, 4]]], [[0, 1, (-74, -39), (3, 0), [91, 10, 10, 1], 0, 64, 1], None]]]]
[1, 1, [256, 0, [512, 1, 64], [16, 128], [64, 48, 14, 1]], [22, [16, 128], [[[1, 0, (-8, -39), (-5, -1), [0, 13, 14, 1], 46, 64, 1], [[2, (-71, -39), 13, 0, 4]]], [[0, 1, (-70, -39), (4, 0), [91, 10, 10, 1], 0, 64, 1], None]]]]
[1, 1, [256, 0, [512, 1, 64], [16, 128], [64, 48, 14, 1]], [23, [16, 128], [[[1, 0, (-13, -39), (-5, 0), [0, 13, 14, 1], 45, 64, 1], [[2, (-66, -39), 13, 0, 4]]], [[0, 1, (-65, -39), (5, 0), [91, 10, 10, 1], 0, 64, 1], None]]]]
[1, 1, [256, 0, [512, 1, 64], [16, 128], [64, 48, 14, 1]], [24, [16, 128], [[[1, 0, (-18, -38), (-5, 1), [0, 13, 14, 1], 44, 64, 1], [[2, (-60, -39), 13, 0, 4]]], [[0, 1, (-59, -39), (6, 0), [91, 10, 10, 1], 0, 64, 1], None]]]]
[1, 1, [256, 0, [512, 1, 64], [16, 128], [64, 48, 14, 1]], [25, [16, 128], [[[1, 0, (-23, -36), (-5, 2), [0, 13, 14, 1], 43, 64, 1], [[2, (-53, -39), 13, 3, 4]]], [[0, 1, (-52, -39), (7, 0), [91, 10, 10, 1], 0, 64, 1], None]]]]
[1, 1, [256, 0, [512, 1, 64], [16, 128], [64, 48, 14, 1]], [26, [16, 128], [[[1, 0, (-28, -33), (-5, 3), [0, 13, 14, 1], 42, 64, 1], [[2, (-45, -39), 13, 0, 4]]], [[0, 1, (-44, -39), (8, 0), [91, 10, 10, 1], 0, 64, 1], None]]]]
[1, 1, [256, 0, [512, 1, 64], [16, 128], [64, 48, 14, 1]], [27, [16, 128], [[[1, 0, (-33, -29), (-5, 4), [0, 13, 14, 1], 41, 64, 1], [[2, (-36, -39), 13, 7, 4]]], [[0, 1, (-36, -40), (8, -1), [90, 10, 10, 1], 0, 64, 1], [[0, (1, 1)]]]]]]
[1, 1, [256, 0, [512, 1, 64], [16, 128], [64, 48, 14, 1]], [28, [16, 128], [[[1, 0, (-37, -25), (-4, 4), [0, 13, 14, 1], 40, 64, 1], [[2, (-28, -41), 13, 0, 4]]], [[0, 1, (-29, -41), (7, -1), [89, 10, 10, 1], 0, 64, 1], [[0, (1, 1)]]]]]]
[1, 1, [256, 0, [512, 1, 64], [16, 128], [64, 48, 14, 1]], [29, [16, 128], [[[1, 0, (-40, -21), (-3, 4), [0, 13, 14, 1], 39, 64, 1], [[2, (-22, -42), 13, 8, 4]]], [[0, 1, (-23, -42), (6, -1), [88, 10, 10, 1], 0, 64, 1], [[0, (1, 1)]]]]]]
[1, 1, [256, 0, [512, 1, 64], [16, 128], [64, 48, 14, 1]], [30, [16, 128], [[[1, 0, (-42, -17), (-2, 4), [0, 13, 14, 1], 38, 64, 1], [[2, (-17, -43), 13, 11, 4]]], [[0, 1, (-18, -43), (5, -1), [87, 10, 10, 1], 0, 64, 1], [[0, (1, 1)]]]]]]
[1, 1, [256, 0, [512, 1, 64], [16, 128], [64, 48, 14, 1]], [31, [16, 128], [[[1, 0, (-43, -13), (-1, 4), [0, 13, 14, 1], 37, 64, 1], [[2, (-13, -44), 13, 7, 4]]], [[0, 1, (-14, -44), (4, -1), [86, 10, 10, 1], 0, 64, 1], [[0, (1, 1)]]]]]]
[1, 1, [256, 0, [512, 1, 64], [16, 128], [64, 48, 14, 1]], [32, [16, 128], [[[1, 0, (-43, -9), (0, 4), [0, 13, 14, 1], 36, 64, 1], [[2, (-10, -45), 13, 0, 4]]], [[0, 1, (-11, -45), (3, -1), [85, 10, 10, 1], 0, 64, 1], [[0, (1, 1)]]]]]]
[1, 1, [256, 0, [512, 1, 64], [16, 128], [64, 48, 14, 1]], [33, [16, 128], [[[1, 0, (-42, -5), (1, 4), [0, 13, 14, 1], 35, 64, 1], [[2, (-8, -46), 13, 0, 4]]], [[0, 1, (-9, -46), (2, -1), [84, 10, 10, 1], 0, 64, 1], [[0, (1, 1)]]]]]]
[1, 1, [256, 0, [512, 1, 64], [16, 128], [64, 48, 14, 1]], [34, [16, 128], [[[1, 0, (-40, -1), (2, 4), [0, 13, 14, 1], 34, 64, 1], [[2, (-7, -47), 13, 0, 4]]], [[0, 1, (-8, -47), (1, -1), [83, 10, 10, 1], 0, 64, 1], [[0, (1, 1)]]]]]]
[1, 1, [256, 0, [512, 1, 64], [16, 128], [64, 48, 14, 1]], [35, [16, 128], [[[1, 0, (-37, 3), (3, 4), [0, 13, 14, 1], 33, 64, 1], [[2, (-7, -48), 13, 0, 4]]], [[0, 1, (-8, -48), (0, -1), [82, 10, 10, 1], 0, 64, 1], [[0, (1, 1)]]]]]]
[1, 1, [256, 0, [512, 1, 64], [16, 128], [64, 48, 14, 1]], [36, [16, 128], [[[1, 0, (-33, 7), (4, 4), [0, 13, 14, 1], 32, 64, 1], [[2, (-8, -49), 13, 0, 4]]], [[0, 1, (-8, -48), (0, 0), [82, 10, 10, 1], 0, 64, 1], None]]]]
[1, 1, [256, 0, [512, 1, 64], [16, 128], [64, 48, 14, 1]], [37, [16, 128], [[[1, 0, (-28, 11), (5, 4), [0, 13, 14, 1], 31, 64, 1], [[2, (-8, -48), 13, 0, 4]]], [[0, 1, (-8, -47), (0, 1), [82, 10, 10, 1], 0, 64, 1], None]]]]
[1, 1, [256, 0, [512, 1, 64], [16, 128], [64, 48, 14, 1]], [38, [16, 128], [[[1, 0, (-22, 15), (6, 4), [0, 13, 14, 1], 30, 64, 1], [[2, (-8, -46), 13, 0, 4]]], [[0, 1, (-9, -46), (-1, 1), [81, 10, 10, 1], 0, 64, 1], [[0, (1, 1)]]]]]]
[1, 1, [256, 0, [512, 1, 64], [16, 128], [64, 48, 14, 1]], [39, [16, 128], [[[1, 0, (-15, 19), (7, 4), [0, 13, 14, 1], 29, 64, 1], [[2, (-10, -45), 13, 0, 4]]], [[0, 1, (-11, -45), (-2, 1), [80, 10, 10, 1], 0, 64, 1], [[0, (1, 1)]]]]]]
[1, 1, [256, 0, [512, 1, 64], [16, 128], [64, 48, 14, 1]], [40, [16, 128], [[[1, 0, (-8, 22), (7, 3), [0, 13, 14, 1], 28, 64, 1], [[2, (-13, -44), 13, 0, 4]]], [[0, 1, (-14, -44), (-3, 1), [79, 10, 10, 1], 0, 64, 1], [[0, (1, 1)]]]]]]
[1, 1, [256, 0, [512, 1, 64], [16, 128], [64, 48, 14, 1]], [41, [16, 128], [[[1, 0, (-1, 24), (7, 2), [0, 13, 14, 1], 27, 64, 1], [[2, (-17, -43), 13, 0, 4]]], [[0, 1, (-18, -43), (-4, 1), [78, 10, 10, 1], 0, 64, 1], [[0, (1, 1)]]]]]]
[1, 1, [256, 0, [512, 1, 64], [16, 128], [64, 48, 14, 1]], [42, [16, 128], [[[1, 0, (6, 25), (7, 1), [0, 13, 14, 1], 26, 64, 1], [[2, (-22, -42), 13, 0, 4]]], [[0, 1, (-23, -42), (-5, 1), [77, 10, 10, 1], 0, 64, 1], [[0, (1, 1)]]]]]]
[1, 1, [256, 0, [512, 1, 64], [16, 128], [64, 48, 14, 1]], [43, [16, 128], [[[1, 0, (13, 25), (7, 0), [0, 13, 14, 1], 25, 64, 1], [[2, (-28, -41), 13, 0, 4]]], [[0, 1, (-29, -41), (-6, 1), [76, 10, 10, 1], 0, 64, 1], [[0, (1, 1)]]]]]]
[1, 1, [256, 0, [512, 1, 64], [16, 128], [64, 48, 14, 1]], [44, [16, 128], [[[1, 0, (20, 24), (7, -1), [0, 13, 14, 1], 24, 64, 1], [[2, (-35, -40), 13, 0, 4]]], [[0, 1, (-36, -40), (-7, 1), [75, 10, 10, 1], 0, 64, 1], [[0, (1, 1)]]]]]]
[1, 1, [256, 0, [512, 1, 64], [16, 128], [64, 48, 14, 1]], [45, [16, 128], [[[1, 0, (27, 22), (7, -2), [0, 13, 14, 1], 23, 64, 1], [[2, (-43, -39), 13, 0, 4]]], [[0, 1, (-44, -39), (-8, 1), [74, 10, 10, 1], 0, 64, 1], [[0, (1, 1)]]]]]]
[1, 1, [256, 0, [512, 1, 64], [16, 128], [64, 48, 14, 1]], [46, [16, 128], [[[1, 0, (33, 20), (6, -2), [0, 13, 14, 1], 22, 64, 1], [[2, (-52, -38), 13, 0, 4]]], [[0, 1, (-52, -39), (-8, 0), [73, 10, 10, 1], 0, 64, 1], [[0, (1, 1)]]]]]]
[1, 1, [256, 0, [512, 1, 64], [16, 128], [64, 48, 14, 1]], [47, [16, 128], [[[1, 0, (38, 18), (5, -2), [0, 13, 14, 1], 21, 64, 1], [[2, (-60, -39), 13, 0, 4]]], [[0, 1, (-59, -39), (-7, 0), [73, 10, 10, 1], 0, 64, 1], None]]]]
[1, 1, [256, 0, [512, 1, 64], [16, 128], [64, 48, 14, 1]], [48, [16, 128], [[[1, 0, (42, 16), (4, -2), [0, 13, 14, 1], 20, 64, 1], [[2, (-66, -39), 13, 0, 4]]], [[0, 1, (-65, -39), (-6, 0), [73, 10, 10, 1], 0, 64, 1], None]]]]
[1, 1, [256, 0, [512, 1, 64], [16, 128], [64, 48, 14, 1]], [49, [16, 128], [[[1, 0, (45, 14), (3, -2), [0, 13, 14, 1], 19, 64, 1], [[2, (-71, -39), 13, 0, 4]]], [[0, 1, (-70, -39), (-5, 0), [73, 10, 10, 1], 0, 64, 1], None]]]]
[1, 1, [256, 0, [512, 1, 64], [16, 128], [64, 48, 14, 1]], [50, [16, 128], [[[1, 0, (47, 12), (2, -2), [0, 13, 14, 1], 18, 64, 1], [[2, (-75, -39), 13, 0, 4]]], [[0, 1, (-74, -39), (-4, 0), [73, 10, 10, 1], 0, 64, 1], None]]]]
[1, 1, [256, 0, [512, 1, 64], [16, 128], [64, 48, 14, 1]], [51, [16, 128], [[[1, 0, (48, 10), (1, -2), [0, 13, 14, 1], 17, 64, 1], [[2, (-78, -39), 13, 0, 4]]], [[0, 1, (-77, -39), (-3, 0), [73, 10, 10, 1], 0, 64, 1], None]]]]
[1, 1, [256, 0, [512, 1, 64], [16, 128], [64, 48, 14, 1]], [52, [16, 128], [[[1, 0, (48, 8), (0, -2), [0, 13, 14, 1], 16, 64, 1], [[2, (-80, -39), 13, 0, 4]]], [[0, 1, (-79, -39), (-2, 0), [73, 10, 10, 1], 0, 64, 1], None]]]]
[1, 1, [256, 0, [512, 1, 64], [16, 128], [64, 48, 14, 1]], [53, [16, 128], [[[1, 0, (47, 6), (-1, -2), [0, 13, 14, 1], 15, 64, 1], [[2, (-81, -39), 13, 0, 4]]], [[0, 1, (-80, -39), (-1, 0), [73, 10, 10, 1], 0, 64, 1], None]]]]
[1, 1, [256, 0, [512, 1, 64], [16, 128], [64, 48, 14, 1]], [54, [16, 128], [[[1, 0, (45, 4), (-2, -2), [0, 13, 14, 1], 14, 64, 1], [[2, (-81, -39), 13, 0, 4]]], [[0, 1, (-80, -39), (0, 0), [73, 10, 10, 1], 0, 64, 1], None]]]]
[1, 1, [256, 0, [512, 1, 64], [16, 128], [64, 48, 14, 1]], [55, [16, 128], [[[1, 0, (42, 2), (-3, -2), [0, 13, 14, 1], 13, 64, 1], [[2, (-80, -39), 13, 0, 4]]], [[0, 1, (-79, -39), (1, 0), [73, 10, 10, 1], 0, 64, 1], None]]]]
[1, 1, [256, 0, [512, 1, 64], [16, 128], [64, 48, 14, 1]], [56, [16, 128], [[[1, 0, (38, 0), (-4, -2), [0, 13, 14, 1], 12, 64, 1], [[2, (-78, -39), 13, 0, 4]]], [[0, 1, (-77, -39), (2, 0), [73, 10, 10, 1], 0, 64, 1], None]]]]
[1, 1, [256, 0, [512, 1, 64], [16, 128], [64, 48, 14, 1]], [57, [16, 128], [[[1, 0, (33, -2), (-5, -2), [0, 13, 14, 1], 11, 64, 1], [[2, (-75, -39), 13, 0, 4]]], [[0, 1, (-74, -39), (3, 0), [73, 10, 10, 1], 0, 64, 1], None]]]]
[1, 1, [256, 0, [512, 1, 64], [16, 128], [64, 48, 14, 1]], [58, [16, 128], [[[1, 0, (27, -4), (-6, -2), [0, 13, 14, 1], 10, 64, 1], [[2, (-71, -39), 13, 0, 4]]], [[0, 1, (-70, -39), (4, 0), [73, 10, 10, 1], 0, 64, 1], None]]]]
[1, 1, [256, 0, [512, 1, 64], [16, 128], [64, 48, 14, 1]], [59, [16, 128], [[[1, 0, (20, -6), (-7, -2), [0, 13, 14, 1], 9, 64, 1], [[2, (-66, -39), 13, 0, 4]]], [[0, 1, (-65, -39), (5, 0), [73, 10, 10, 1], 0, 64, 1], None]]]]
[1, 2, [256, 0, [512, 1, 64], [16, 128], [64, 48, 14, 1]], [60, [16, 128], [[[1, 0, (12, -8), (-8, -2), [0, 0, 0, 0], 9, 64, 1], None], [[0, 1, (-59, -39), (6, 0), [73, 10, 10, 1], 0, 64, 1], None]]]]
