join: [1, 0, [256, 0, [512, 1, 64], [16, 128], [64, 48, 14, 1]], None]
start: [1, 1, [256, 0, [512, 1, 64], [16, 128], [64, 48, 14, 1]], [0, [16, 128], [[[1, 0, (-48, -27), (0, 0), [64, 48, 14, 1], 0, 64, 1], None], [[0, 1, (48, 27), (0, 0), [100, 10, 10, 1], 0, 64, 1], None]]]]
commands: [1, 1, [256, 0, [512, 1, 64], [16, 128], [64, 48, 14, 1]], [1, [16, 128], [[[1, 0, (-47, -27), (1, 0), [64, 48, 14, 1], 34, 64, 1], [[2, (48, 27), 48, 0, 4]]], [[0, 1, (47, 27), (-1, 0), [100, 10, 10, 1], 0, 64, 1], None]]]]
commands: [1, 1, [256, 0, [512, 1, 64], [16, 128], [64, 48, 14, 1]], [2, [16, 128], [[[1, 0, (-45, -27), (2, 0), [60, 48, 14, 1], 64, 64, 1], [[2, (46, 27), 48, 0, 4]]], [[0, 1, (46, 28), (-1, 1), [99, 10, 10, 1], 0, 64, 1], [[0, (-1, -1)]]]]]]
commands: [1, 1, [256, 0, [512, 1, 64], [16, 128], [64, 48, 14, 1]], [3, [16, 128], [[[1, 0, (-42, -27), (3, 0), [26, 48, 14, 1], 64, 64, 1], [[2, (45, 29), 48, 0, 4]]], [[0, 1, (45, 30), (-1, 2), [98, 10, 10, 1], 0, 64, 1], [[0, (-1, -1)]]]]]]
commands: [1, 1, [256, 0, [512, 1, 64], [16, 128], [64, 48, 14, 1]], [4, [16, 128], [[[1, 0, (-38, -27), (4, 0), [0, 40, 14, 1], 64, 64, 1], [[2, (44, 32), 48, 0, 4]]], [[0, 1, (44, 33), (-1, 3), [97, 10, 10, 1], 0, 64, 1], [[0, (-1, -1)]]]]]]
commands: [1, 1, [256, 0, [512, 1, 64], [16, 128], [64, 48, 14, 1]], [5, [16, 128], [[[1, 0, (-33, -27), (5, 0), [0, 14, 14, 1], 64, 64, 1], [[2, (43, 36), 40, 4, 4]]], [[0, 1, (43, 37), (-1, 4), [96, 10, 10, 1], 0, 64, 1], [[0, (-1, -1)]]]]]]
commands: [1, 1, [256, 0, [512, 1, 64], [16, 128], [64, 48, 14, 1]], [6, [16, 128], [[[1, 0, (-27, -27), (6, 0), [0, 14, 14, 1], 64, 64, 1], [[2, (42, 41), 14, 0, 4]]], [[0, 1, (42, 42), (-1, 5), [95, 10, 10, 1], 0, 64, 1], [[0, (-1, -1)]]]]]]
commands: [1, 1, [256, 0, [512, 1, 64], [16, 128], [64, 48, 14, 1]], [7, [16, 128], [[[1, 0, (-20, -26), (7, 1), [0, 14, 14, 1], 64, 64, 1], [[2, (41, 47), 14, 0, 4]]], [[0, 1, (41, 47), (-1, 5), [94, 10, 10, 1], 0, 64, 1], [[0, (-1, -1)]]]]]]
commands: [1, 1, [256, 0, [512, 1, 64], [16, 128], [64, 48, 14, 1]], [8, [16, 128], [[[1, 0, (-13, -24), (7, 2), [0, 14, 14, 1], 64, 64, 1], [[2, (40, 52), 14, 0, 4]]], [[0, 1, (41, 52), (0, 5), [93, 10, 10, 1], 0, 64, 1], [[0, (-1, -1)]]]]]]
commands: [1, 1, [256, 0, [512, 1, 64], [16, 128], [64, 48, 14, 1]], [9, [16, 128], [[[1, 0, (-6, -21), (7, 3), [0, 14, 14, 1], 64, 64, 1], [[2, (41, 57), 14, 0, 4]]], [[0, 1, (41, 56), (0, 4), [93, 10, 10, 1], 0, 64, 1], None]]]]
commands: [1, 1, [256, 0, [512, 1, 64], [16, 128], [64, 48, 14, 1]], [10, [16, 128], [[[1, 0, (1, -17), (7, 4), [0, 14, 14, 1], 64, 64, 1], [[2, (41, 60), 14, 0, 4]]], [[0, 1, (41, 59), (0, 3), [93, 10, 10, 1], 0, 64, 1], None]]]]
commands: [1, 2, [256, 0, [512, 1, 64], [16, 128], [64, 48, 14, 1]], [11, [16, 128], [[[1, 0, (8, -12), (7, 5), [0, 0, 0, 0], 64, 64, 1], None], [[0, 1, (41, 61), (0, 2), [93, 10, 10, 1], 0, 64, 1], None]]]]
