[1, 0, [256, 0, [512, 1, 64], [16, 128], [200, 10, 10, 1]], None]
[1, 1, [256, 0, [512, 1, 64], [16, 128], [200, 10, 10, 1]], [0, [16, 128], [[[1, 0, (21, 48), (0, 0), [200, 10, 10, 1], 0, 64, 1], None], [[0, 1, (-21, -48), (0, 0), [134, 64, 10, 1], 0, 64, 1], None]]]]
[1, 1, [256, 0, [512, 1, 64], [16, 128], [200, 10, 10, 1]], [1, [16, 128], [[[1, 0, (22, 46), (1, -2), [199, 10, 10, 1], 0, 64, 1], [[0, (-1, 1)]]], [[0, 1, (-22, -46), (-1, 2), [133, 64, 10, 1], 0, 64, 1], [[0, (1, -1)]]]]]]
[1, 1, [256, 0, [512, 1, 64], [16, 128], [200, 10, 10, 1]], [2, [16, 128], [[[1, 0, (23, 43), (1, -3), [199, 10, 10, 1], 0, 64, 1], None], [[0, 1, (-23, -43), (-1, 3), [133, 64, 10, 1], 0, 64, 1], None]]]]
[1, 1, [256, 0, [512, 1, 64], [16, 128], [200, 10, 10, 1]], [3, [16, 128], [[[1, 0, (24, 39), (1, -4), [199, 10, 10, 1], 0, 64, 1], None], [[0, 1, (-24, -39), (-1, 4), [133, 64, 10, 1], 0, 64, 1], None]]]]
[1, 1, [256, 0, [512, 1, 64], [16, 128], [200, 10, 10, 1]], [4, [16, 128], [[[1, 0, (25, 34), (1, -5), [199, 10, 10, 1], 0, 64, 1], None], [[0, 1, (-25, -34), (-1, 5), [133, 64, 10, 1], 0, 64, 1], None]]]]
[1, 1, [256, 0, [512, 1, 64], [16, 128], [200, 10, 10, 1]], [5, [16, 128], [[[1, 0, (26, 28), (1, -6), [199, 10, 10, 1], 0, 64, 1], None], [[0, 1, (-26, -28), (-1, 6), [133, 64, 10, 1], 0, 64, 1], None]]]]
[1, 1, [256, 0, [512, 1, 64], [16, 128], [200, 10, 10, 1]], [6, [16, 128], [[[1, 0, (27, 21), (1, -7), [199, 10, 10, 1], 44, 64, 1], None], [[0, 1, (-27, -21), (-1, 7), [133, 64, 10, 1], 54, 64, 1], [[2, (27, 21), 64, 54, 4]]]]]]
[1, 1, [256, 0, [512, 1, 64], [16, 128], [200, 10, 10, 1]], [7, [16, 128], [[[1, 0, (27, 14), (0, -7), [199, 10, 10, 1], 34, 64, 1], None], [[0, 1, (-27, -14), (0, 7), [133, 64, 10, 1], 44, 64, 1], None]]]]
[1, 1, [256, 0, [512, 1, 64], [16, 128], [200, 10, 10, 1]], [8, [16, 128], [[[1, 0, (26, 7), (-1, -7), [199, 10, 10, 1], 24, 64, 1], None], [[0, 1, (-26, -7), (1, 7), [133, 64, 10, 1], 34, 64, 1], None]]]]
[1, 1, [256, 0, [512, 1, 64], [16, 128], [200, 10, 10, 1]], [9, [16, 128], [[[1, 0, (24, 0), (-2, -7), [199, 10, 10, 1], 14, 64, 1], None], [[0, 1, (-24, 0), (2, 7), [133, 64, 10, 1], 24, 64, 1], None]]]]
[1, 1, [256, 0, [512, 1, 64], [16, 128], [200, 10, 10, 1]], [10, [16, 128], [[[1, 0, (21, -7), (-3, -7), [199, 10, 10, 1], 4, 64, 1], None], [[0, 1, (-21, 7), (3, 7), [133, 64, 10, 1], 14, 64, 1], None]]]]
[1, 1, [256, 0, [512, 1, 64], [16, 128], [200, 10, 10, 1]], [11, [16, 128], [[[1, 0, (17, -14), (-4, -7), [199, 10, 10, 1], 0, 64, 1], None], [[0, 1, (-17, 14), (4, 7), [133, 64, 10, 1], 4, 64, 1], None]]]]
[1, 1, [256, 0, [512, 1, 64], [16, 128], [200, 10, 10, 1]], [12, [16, 128], [[[1, 0, (12, -21), (-5, -7), [199, 10, 10, 1], 0, 64, 1], None], [[0, 1, (-12, 21), (5, 7), [133, 64, 10, 1], 58, 64, 1], [[2, (12, -21), 64, 0, 4]]]]]]
[1, 1, [256, 0, [512, 1, 64], [16, 128], [200, 10, 10, 1]], [13, [16, 128], [[[1, 0, (7, -27), (-5, -6), [199, 10, 10, 1], 0, 64, 1], None], [[0, 1, (-7, 27), (5, 6), [133, 64, 10, 1], 48, 64, 1], None]]]]
[1, 1, [256, 0, [512, 1, 64], [16, 128], [200, 10, 10, 1]], [14, [16, 128], [[[1, 0, (2, -32), (-5, -5), [199, 10, 10, 1], 0, 64, 1], None], [[0, 1, (-2, 32), (5, 5), [133, 64, 10, 1], 38, 64, 1], None]]]]
[1, 1, [256, 0, [512, 1, 64], [16, 128], [200, 10, 10, 1]], [15, [16, 128], [[[1, 0, (-3, -36), (-5, -4), [199, 10, 10, 1], 0, 64, 1], None], [[0, 1, (3, 36), (5, 4), [133, 64, 10, 1], 28, 64, 1], None]]]]
[1, 1, [256, 0, [512, 1, 64], [16, 128], [200, 10, 10, 1]], [16, [16, 128], [[[1, 0, (-8, -39), (-5, -3), [199, 10, 10, 1], 0, 64, 1], None], [[0, 1, (8, 39), (5, 3), [133, 64, 10, 1], 18, 64, 1], None]]]]
[1, 1, [256, 0, [512, 1, 64], [16, 128], [200, 10, 10, 1]], [17, [16, 128], [[[1, 0, (-13, -41), (-5, -2), [199, 10, 10, 1], 0, 64, 1], None], [[0, 1, (13, 41), (5, 2), [133, 64, 10, 1], 8, 64, 1], None]]]]
[1, 1, [256, 0, [512, 1, 64], [16, 128], [200, 10, 10, 1]], [18, [16, 128], [[[1, 0, (-18, -42), (-5, -1), [199, 10, 10, 1], 0, 64, 1], None], [[0, 1, (18, 42), (5, 1), [133, 64, 10, 1], 0, 64, 1], None]]]]
[1, 1, [256, 0, [512, 1, 64], [16, 128], [200, 10, 10, 1]], [19, [16, 128], [[[1, 0, (-23, -42), (-5, 0), [199, 10, 10, 1], 0, 64, 1], None], [[0, 1, (23, 42), (5, 0), [133, 64, 10, 1], 0, 64, 1], None]]]]
[1, 1, [256, 0, [512, 1, 64], [16, 128], [200, 10, 10, 1]], [20, [16, 128], [[[1, 0, (-28, -41), (-5, 1), [199, 10, 10, 1], 0, 64, 1], None], [[0, 1, (28, 41), (5, -1), [133, 64, 10, 1], 0, 64, 1], None]]]]
[1, 1, [256, 0, [512, 1, 64], [16, 128], [200, 10, 10, 1]], [21, [16, 128], [[[1, 0, (-33, -39), (-5, 2), [199, 10, 10, 1], 0, 64, 1], None], [[0, 1, (33, 39), (5, -2), [133, 64, 10, 1], 0, 64, 1], None]]]]
[1, 1, [256, 0, [512, 1, 64], [16, 128], [200, 10, 10, 1]], [22, [16, 128], [[[1, 0, (-39, -35), (-6, 4), [198, 10, 10, 1], 0, 64, 1], [[0, (1, -1)]]], [[0, 1, (39, 36), (6, -3), [132, 64, 10, 1], 0, 64, 1], [[0, (-1, 0)]]]]]]
[1, 1, [256, 0, [512, 1, 64], [16, 128], [200, 10, 10, 1]], [23, [16, 128], [[[1, 0, (-44, -31), (-5, 4), [198, 10, 10, 1], 0, 64, 1], None], [[0, 1, (45, 33), (6, -3), [131, 64, 10, 1], 0, 64, 1], [[0, (-1, 0)]]]]]]
[1, 1, [256, 0, [512, 1, 64], [16, 128], [200, 10, 10, 1]], [24, [16, 128], [[[1, 0, (-48, -27), (-4, 4), [198, 10, 10, 1], 0, 64, 1], None], [[0, 1, (50, 30), (5, -3), [131, 64, 10, 1], 0, 64, 1], None]]]]
[1, 1, [256, 0, [512, 1, 64], [16, 128], [200, 10, 10, 1]], [25, [16, 128], [[[1, 0, (-51, -23), (-3, 4), [198, 10, 10, 1], 0, 64, 1], None], [[0, 1, (55, 27), (5, -3), [130, 64, 10, 1], 0, 64, 1], [[0, (-1, 0)]]]]]]
[1, 1, [256, 0, [512, 1, 64], [16, 128], [200, 10, 10, 1]], [26, [16, 128], [[[1, 0, (-53, -19), (-2, 4), [198, 10, 10, 1], 0, 64, 1], None], [[0, 1, (59, 24), (4, -3), [130, 64, 10, 1], 0, 64, 1], None]]]]
[1, 1, [256, 0, [512, 1, 64], [16, 128], [200, 10, 10, 1]], [27, [16, 128], [[[1, 0, (-54, -15), (-1, 4), [198, 10, 10, 1], 0, 64, 1], None], [[0, 1, (62, 21), (3, -3), [130, 64, 10, 1], 0, 64, 1], None]]]]
[1, 1, [256, 0, [512, 1, 64], [16, 128], [200, 10, 10, 1]], [28, [16, 128], [[[1, 0, (-54, -11), (0, 4), [198, 10, 10, 1], 0, 64, 1], None], [[0, 1, (64, 18), (2, -3), [130, 64, 10, 1], 0, 64, 1], None]]]]
[1, 1, [256, 0, [512, 1, 64], [16, 128], [200, 10, 10, 1]], [29, [16, 128], [[[1, 0, (-53, -7), (1, 4), [198, 10, 10, 1], 0, 64, 1], None], [[0, 1, (65, 15), (1, -3), [130, 64, 10, 1], 0, 64, 1], None]]]]
[1, 1, [256, 0, [512, 1, 64], [16, 128], [200, 10, 10, 1]], [30, [16, 128], [[[1, 0, (-51, -3), (2, 4), [198, 10, 10, 1], 0, 64, 1], None], [[0, 1, (65, 12), (0, -3), [130, 64, 10, 1], 0, 64, 1], None]]]]
[1, 1, [256, 0, [512, 1, 64], [16, 128], [200, 10, 10, 1]], [31, [16, 128], [[[1, 0, (-48, 1), (3, 4), [198, 10, 10, 1], 0, 64, 1], None], [[0, 1, (65, 9), (0, -3), [129, 64, 10, 1], 0, 64, 1], [[0, (-1, 0)]]]]]]
[1, 1, [256, 0, [512, 1, 64], [16, 128], [200, 10, 10, 1]], [32, [16, 128], [[[1, 0, (-44, 5), (4, 4), [198, 10, 10, 1], 0, 64, 1], None], [[0, 1, (64, 6), (-1, -3), [129, 64, 10, 1], 0, 64, 1], None]]]]
[1, 1, [256, 0, [512, 1, 64], [16, 128], [200, 10, 10, 1]], [33, [16, 128], [[[1, 0, (-39, 9), (5, 4), [198, 10, 10, 1], 0, 64, 1], None], [[0, 1, (62, 3), (-2, -3), [129, 64, 10, 1], 0, 64, 1], None]]]]
[1, 1, [256, 0, [512, 1, 64], [16, 128], [200, 10, 10, 1]], [34, [16, 128], [[[1, 0, (-33, 13), (6, 4), [198, 10, 10, 1], 0, 64, 1], None], [[0, 1, (59, 0), (-3, -3), [129, 64, 10, 1], 0, 64, 1], None]]]]
[1, 1, [256, 0, [512, 1, 64], [16, 128], [200, 10, 10, 1]], [35, [16, 128], [[[1, 0, (-26, 17), (7, 4), [198, 10, 10, 1], 0, 64, 1], None], [[0, 1, (55, -3), (-4, -3), [129, 64, 10, 1], 0, 64, 1], None]]]]
[1, 1, [256, 0, [512, 1, 64], [16, 128], [200, 10, 10, 1]], [36, [16, 128], [[[1, 0, (-18, 21), (8, 4), [198, 10, 10, 1], 0, 64, 1], None], [[0, 1, (50, -6), (-5, -3), [129, 64, 10, 1], 0, 64, 1], None]]]]
[1, 1, [256, 0, [512, 1, 64], [16, 128], [200, 10, 10, 1]], [37, [16, 128], [[[1, 0, (-10, 24), (8, 3), [198, 10, 10, 1], 0, 64, 1], None], [[0, 1, (44, -9), (-6, -3), [129, 64, 10, 1], 54, 64, 1], [[2, (-10, 24), 64, 0, 4]]]]]]
[1, 1, [256, 0, [512, 1, 64], [16, 128], [200, 10, 10, 1]], [38, [16, 128], [[[1, 0, (-2, 26), (8, 2), [198, 10, 10, 1], 0, 64, 1], None], [[0, 1, (37, -12), (-7, -3), [129, 64, 10, 1], 44, 64, 1], None]]]]
[1, 1, [256, 0, [512, 1, 64], [16, 128], [200, 10, 10, 1]], [39, [16, 128], [[[1, 0, (6, 27), (8, 1), [198, 10, 10, 1], 0, 64, 1], None], [[0, 1, (30, -15), (-7, -3), [128, 64, 10, 1], 42, 64, 1], [[0, (-1, 0)]]]]]]
[1, 1, [256, 0, [512, 1, 64], [16, 128], [200, 10, 10, 1]], [40, [16, 128], [[[1, 0, (14, 27), (8, 0), [198, 10, 10, 1], 0, 64, 1], None], [[0, 1, (22, -18), (-8, -3), [128, 64, 10, 1], 32, 64, 1], None]]]]
[1, 1, [256, 0, [512, 1, 64], [16, 128], [200, 10, 10, 1]], [41, [16, 128], [[[1, 0, (22, 26), (8, -1), [198, 10, 10, 1], 0, 64, 1], None], [[0, 1, (13, -21), (-9, -3), [128, 64, 10, 1], 22, 64, 1], None]]]]
[1, 1, [256, 0, [512, 1, 64], [16, 128], [200, 10, 10, 1]], [42, [16, 128], [[[1, 0, (30, 24), (8, -2), [198, 10, 10, 1], 0, 64, 1], None], [[0, 1, (4, -23), (-9, -2), [128, 64, 10, 1], 12, 64, 1], None]]]]
[1, 1, [256, 0, [512, 1, 64], [16, 128], [200, 10, 10, 1]], [43, [16, 128], [[[1, 0, (37, 22), (7, -2), [198, 10, 10, 1], 0, 64, 1], None], [[0, 1, (-5, -24), (-9, -1), [128, 64, 10, 1], 2, 64, 1], None]]]]
[1, 1, [256, 0, [512, 1, 64], [16, 128], [200, 10, 10, 1]], [44, [16, 128], [[[1, 0, (43, 20), (6, -2), [198, 10, 10, 1], 39, 64, 1], None], [[0, 1, (-14, -24), (-9, 0), [128, 64, 10, 1], 56, 64, 1], [[2, (43, 20), 64, 49, 4]]]]]]
[1, 1, [256, 0, [512, 1, 64], [16, 128], [200, 10, 10, 1]], [45, [16, 128], [[[1, 0, (48, 18), (5, -2), [198, 10, 10, 1], 29, 64, 1], None], [[0, 1, (-23, -23), (-9, 1), [128, 64, 10, 1], 46, 64, 1], None]]]]
[1, 1, [256, 0, [512, 1, 64], [16, 128], [200, 10, 10, 1]], [46, [16, 128], [[[1, 0, (53, 16), (5, -2), [197, 10, 10, 1], 27, 64, 1], [[0, (-1, 0)]]], [[0, 1, (-31, -21), (-8, 2), [128, 64, 10, 1], 36, 64, 1], None]]]]
[1, 1, [256, 0, [512, 1, 64], [16, 128], [200, 10, 10, 1]], [47, [16, 128], [[[1, 0, (57, 14), (4, -2), [197, 10, 10, 1], 17, 64, 1], None], [[0, 1, (-38, -19), (-7, 2), [128, 64, 10, 1], 26, 64, 1], None]]]]
[1, 1, [256, 0, [512, 1, 64], [16, 128], [200, 10, 10, 1]], [48, [16, 128], [[[1, 0, (61, 12), (4, -2), [196, 10, 10, 1], 15, 64, 1], [[0, (-1, 0)]]], [[0, 1, (-44, -17), (-6, 2), [128, 64, 10, 1], 16, 64, 1], None]]]]
[1, 1, [256, 0, [512, 1, 64], [16, 128], [200, 10, 10, 1]], [49, [16, 128], [[[1, 0, (64, 10), (3, -2), [196, 10, 10, 1], 5, 64, 1], None], [[0, 1, (-49, -15), (-5, 2), [128, 64, 10, 1], 6, 64, 1], None]]]]
[1, 1, [256, 0, [512, 1, 64], [16, 128], [200, 10, 10, 1]], [50, [16, 128], [[[1, 0, (67, 7), (3, -3), [195, 10, 10, 1], 3, 64, 1], [[0, (-1, 1)]]], [[0, 1, (-53, -12), (-4, 3), [127, 64, 10, 1], 4, 64, 1], [[0, (0, -1)]]]]]]
[1, 1, [256, 0, [512, 1, 64], [16, 128], [200, 10, 10, 1]], [51, [16, 128], [[[1, 0, (69, 4), (2, -3), [195, 10, 10, 1], 0, 64, 1], None], [[0, 1, (-56, -9), (-3, 3), [127, 64, 10, 1], 0, 64, 1], None]]]]
[1, 1, [256, 0, [512, 1, 64], [16, 128], [200, 10, 10, 1]], [52, [16, 128], [[[1, 0, (70, 1), (1, -3), [195, 10, 10, 1], 0, 64, 1], None], [[0, 1, (-58, -6), (-2, 3), [127, 64, 10, 1], 0, 64, 1], None]]]]
[1, 1, [256, 0, [512, 1, 64], [16, 128], [200, 10, 10, 1]], [53, [16, 128], [[[1, 0, (70, -2), (0, -3), [195, 10, 10, 1], 0, 64, 1], None], [[0, 1, (-59, -3), (-1, 3), [127, 64, 10, 1], 0, 64, 1], None]]]]
[1, 1, [256, 0, [512, 1, 64], [16, 128], [200, 10, 10, 1]], [54, [16, 128], [[[1, 0, (69, -5), (-1, -3), [195, 10, 10, 1], 0, 64, 1], None], [[0, 1, (-59, 0), (0, 3), [127, 64, 10, 1], 0, 64, 1], None]]]]
[1, 1, [256, 0, [512, 1, 64], [16, 128], [200, 10, 10, 1]], [55, [16, 128], [[[1, 0, (67, -8), (-2, -3), [195, 10, 10, 1], 0, 64, 1], None], [[0, 1, (-58, 3), (1, 3), [127, 64, 10, 1], 0, 64, 1], None]]]]
[1, 1, [256, 0, [512, 1, 64], [16, 128], [200, 10, 10, 1]], [56, [16, 128], [[[1, 0, (64, -11), (-3, -3), [195, 10, 10, 1], 0, 64, 1], None], [[0, 1, (-56, 6), (2, 3), [127, 64, 10, 1], 0, 64, 1], None]]]]
[1, 1, [256, 0, [512, 1, 64], [16, 128], [200, 10, 10, 1]], [57, [16, 128], [[[1, 0, (60, -14), (-4, -3), [195, 10, 10, 1], 0, 64, 1], None], [[0, 1, (-53, 9), (3, 3), [127, 64, 10, 1], 0, 64, 1], None]]]]
[1, 1, [256, 0, [512, 1, 64], [16, 128], [200, 10, 10, 1]], [58, [16, 128], [[[1, 0, (55, -17), (-5, -3), [195, 10, 10, 1], 0, 64, 1], None], [[0, 1, (-49, 12), (4, 3), [127, 64, 10, 1], 0, 64, 1], None]]]]
[1, 1, [256, 0, [512, 1, 64], [16, 128], [200, 10, 10, 1]], [59, [16, 128], [[[1, 0, (49, -20), (-6, -3), [195, 10, 10, 1], 0, 64, 1], None], [[0, 1, (-44, 15), (5, 3), [127, 64, 10, 1], 0, 64, 1], None]]]]
[1, 1, [256, 0, [512, 1, 64], [16, 128], [200, 10, 10, 1]], [60, [16, 128], [[[1, 0, (42, -23), (-7, -3), [195, 10, 10, 1], 0, 64, 1], None], [[0, 1, (-38, 18), (6, 3), [127, 64, 10, 1], 0, 64, 1], None]]]]
[1, 1, [256, 0, [512, 1, 64], [16, 128], [200, 10, 10, 1]], [61, [16, 128], [[[1, 0, (34, -26), (-8, -3), [195, 10, 10, 1], 0, 64, 1], None], [[0, 1, (-31, 21), (7, 3), [127, 64, 10, 1], 0, 64, 1], None]]]]
[1, 1, [256, 0, [512, 1, 64], [16, 128], [200, 10, 10, 1]], [62, [16, 128], [[[1, 0, (26, -28), (-8, -2), [194, 10, 10, 1], 24, 64, 1], [[0, (-1, -1)]]], [[0, 1, (-23, 24), (8, 3), [127, 64, 10, 1], 54, 64, 1], [[2, (25, -29), 64, 104, 4]]]]]]
[1, 1, [256, 0, [512, 1, 64], [16, 128], [200, 10, 10, 1]], [63, [16, 128], [[[1, 0, (18, -29), (-8, -1), [194, 10, 10, 1], 14, 64, 1], None], [[0, 1, (-15, 26), (8, 2), [127, 64, 10, 1], 44, 64, 1], None]]]]
[1, 1, [256, 0, [512, 1, 64], [16, 128], [200, 10, 10, 1]], [64, [16, 128], [[[1, 0, (10, -29), (-8, 0), [194, 10, 10, 1], 4, 64, 1], None], [[0, 1, (-7, 27), (8, 1), [127, 64, 10, 1], 34, 64, 1], None]]]]
[1, 1, [256, 0, [512, 1, 64], [16, 128], [200, 10, 10, 1]], [65, [16, 128], [[[1, 0, (2, -28), (-8, 1), [194, 10, 10, 1], 0, 64, 1], None], [[0, 1, (1, 27), (8, 0), [127, 64, 10, 1], 24, 64, 1], None]]]]
[1, 1, [256, 0, [512, 1, 64], [16, 128], [200, 10, 10, 1]], [66, [16, 128], [[[1, 0, (-6, -26), (-8, 2), [194, 10, 10, 1], 0, 64, 1], None], [[0, 1, (9, 26), (8, -1), [127, 64, 10, 1], 14, 64, 1], None]]]]
[1, 1, [256, 0, [512, 1, 64], [16, 128], [200, 10, 10, 1]], [67, [16, 128], [[[1, 0, (-14, -23), (-8, 3), [194, 10, 10, 1], 0, 64, 1], None], [[0, 1, (17, 24), (8, -2), [127, 64, 10, 1], 4, 64, 1], None]]]]
[1, 1, [256, 0, [512, 1, 64], [16, 128], [200, 10, 10, 1]], [68, [16, 128], [[[1, 0, (-22, -19), (-8, 4), [179, 10, 10, 1], 64, 64, 1], None], [[0, 1, (25, 21), (8, -3), [127, 64, 10, 1], 58, 64, 1], [[2, (-22, -19), 64, 89, 4]]]]]]
[1, 1, [256, 0, [512, 1, 64], [16, 128], [200, 10, 10, 1]], [69, [16, 128], [[[1, 0, (-29, -15), (-7, 4), [179, 10, 10, 1], 54, 64, 1], None], [[0, 1, (32, 18), (7, -3), [127, 64, 10, 1], 48, 64, 1], None]]]]
[1, 1, [256, 0, [512, 1, 64], [16, 128], [200, 10, 10, 1]], [70, [16, 128], [[[1, 0, (-35, -11), (-6, 4), [179, 10, 10, 1], 44, 64, 1], None], [[0, 1, (38, 15), (6, -3), [127, 64, 10, 1], 38, 64, 1], None]]]]
[1, 1, [256, 0, [512, 1, 64], [16, 128], [200, 10, 10, 1]], [71, [16, 128], [[[1, 0, (-40, -7), (-5, 4), [179, 10, 10, 1], 34, 64, 1], None], [[0, 1, (43, 12), (5, -3), [127, 64, 10, 1], 28, 64, 1], None]]]]
[1, 1, [256, 0, [512, 1, 64], [16, 128], [200, 10, 10, 1]], [72, [16, 128], [[[1, 0, (-44, -3), (-4, 4), [179, 10, 10, 1], 24, 64, 1], None], [[0, 1, (47, 9), (4, -3), [127, 64, 10, 1], 18, 64, 1], None]]]]
[1, 1, [256, 0, [512, 1, 64], [16, 128], [200, 10, 10, 1]], [73, [16, 128], [[[1, 0, (-47, 1), (-3, 4), [179, 10, 10, 1], 14, 64, 1], None], [[0, 1, (50, 6), (3, -3), [127, 64, 10, 1], 8, 64, 1], None]]]]
[1, 1, [256, 0, [512, 1, 64], [16, 128], [200, 10, 10, 1]], [74, [16, 128], [[[1, 0, (-49, 5), (-2, 4), [179, 10, 10, 1], 4, 64, 1], None], [[0, 1, (52, 3), (2, -3), [127, 64, 10, 1], 0, 64, 1], None]]]]
[1, 1, [256, 0, [512, 1, 64], [16, 128], [200, 10, 10, 1]], [75, [16, 128], [[[1, 0, (-50, 9), (-1, 4), [179, 10, 10, 1], 0, 64, 1], None], [[0, 1, (53, 0), (1, -3), [127, 64, 10, 1], 0, 64, 1], None]]]]
[1, 1, [256, 0, [512, 1, 64], [16, 128], [200, 10, 10, 1]], [76, [16, 128], [[[1, 0, (-50, 13), (0, 4), [179, 10, 10, 1], 0, 64, 1], None], [[0, 1, (53, -3), (0, -3), [127, 64, 10, 1], 0, 64, 1], None]]]]
[1, 1, [256, 0, [512, 1, 64], [16, 128], [200, 10, 10, 1]], [77, [16, 128], [[[1, 0, (-49, 17), (1, 4), [179, 10, 10, 1], 0, 64, 1], None], [[0, 1, (52, -6), (-1, -3), [127, 64, 10, 1], 0, 64, 1], None]]]]
[1, 1, [256, 0, [512, 1, 64], [16, 128], [200, 10, 10, 1]], [78, [16, 128], [[[1, 0, (-47, 21), (2, 4), [179, 10, 10, 1], 0, 64, 1], None], [[0, 1, (50, -9), (-2, -3), [127, 64, 10, 1], 0, 64, 1], None]]]]
[1, 1, [256, 0, [512, 1, 64], [16, 128], [200, 10, 10, 1]], [79, [16, 128], [[[1, 0, (-44, 25), (3, 4), [179, 10, 10, 1], 0, 64, 1], None], [[0, 1, (47, -12), (-3, -3), [127, 64, 10, 1], 0, 64, 1], None]]]]
[1, 1, [256, 0, [512, 1, 64], [16, 128], [200, 10, 10, 1]], [80, [16, 128], [[[1, 0, (-40, 29), (4, 4), [179, 10, 10, 1], 0, 64, 1], None], [[0, 1, (43, -15), (-4, -3), [127, 64, 10, 1], 0, 64, 1], None]]]]
[1, 1, [256, 0, [512, 1, 64], [16, 128], [200, 10, 10, 1]], [81, [16, 128], [[[1, 0, (-35, 33), (5, 4), [179, 10, 10, 1], 0, 64, 1], None], [[0, 1, (38, -18), (-5, -3), [127, 64, 10, 1], 0, 64, 1], None]]]]
[1, 1, [256, 0, [512, 1, 64], [16, 128], [200, 10, 10, 1]], [82, [16, 128], [[[1, 0, (-29, 37), (6, 4), [179, 10, 10, 1], 0, 64, 1], None], [[0, 1, (32, -21), (-6, -3), [127, 64, 10, 1], 0, 64, 1], None]]]]
[1, 1, [256, 0, [512, 1, 64], [16, 128], [200, 10, 10, 1]], [83, [16, 128], [[[1, 0, (-23, 40), (6, 3), [179, 10, 10, 1], 0, 64, 1], None], [[0, 1, (25, -24), (-7, -3), [127, 64, 10, 1], 0, 64, 1], None]]]]
[1, 1, [256, 0, [512, 1, 64], [16, 128], [200, 10, 10, 1]], [84, [16, 128], [[[1, 0, (-17, 42), (6, 2), [179, 10, 10, 1], 0, 64, 1], None], [[0, 1, (17, -27), (-8, -3), [127, 64, 10, 1], 54, 64, 1], [[2, (-17, 42), 64, 0, 4]]]]]]
[1, 1, [256, 0, [512, 1, 64], [16, 128], [200, 10, 10, 1]], [85, [16, 128], [[[1, 0, (-11, 43), (6, 1), [179, 10, 10, 1], 0, 64, 1], None], [[0, 1, (9, -29), (-8, -2), [127, 64, 10, 1], 44, 64, 1], None]]]]
[1, 1, [256, 0, [512, 1, 64], [16, 128], [200, 10, 10, 1]], [86, [16, 128], [[[1, 0, (-5, 43), (6, 0), [179, 10, 10, 1], 0, 64, 1], None], [[0, 1, (1, -30), (-8, -1), [127, 64, 10, 1], 34, 64, 1], None]]]]
[1, 1, [256, 0, [512, 1, 64], [16, 128], [200, 10, 10, 1]], [87, [16, 128], [[[1, 0, (1, 42), (6, -1), [179, 10, 10, 1], 0, 64, 1], None], [[0, 1, (-7, -30), (-8, 0), [127, 64, 10, 1], 24, 64, 1], None]]]]
[1, 1, [256, 0, [512, 1, 64], [16, 128], [200, 10, 10, 1]], [88, [16, 128], [[[1, 0, (7, 40), (6, -2), [179, 10, 10, 1], 0, 64, 1], None], [[0, 1, (-15, -29), (-8, 1), [127, 64, 10, 1], 14, 64, 1], None]]]]
[1, 1, [256, 0, [512, 1, 64], [16, 128], [200, 10, 10, 1]], [89, [16, 128], [[[1, 0, (13, 37), (6, -3), [179, 10, 10, 1], 0, 64, 1], None], [[0, 1, (-23, -27), (-8, 2), [127, 64, 10, 1], 4, 64, 1], None]]]]
[1, 1, [256, 0, [512, 1, 64], [16, 128], [200, 10, 10, 1]], [90, [16, 128], [[[1, 0, (19, 33), (6, -4), [164, 10, 10, 1], 64, 64, 1], None], [[0, 1, (-31, -24), (-8, 3), [127, 64, 10, 1], 58, 64, 1], [[2, (19, 33), 64, 89, 4]]]]]]
[1, 1, [256, 0, [512, 1, 64], [16, 128], [200, 10, 10, 1]], [91, [16, 128], [[[1, 0, (25, 28), (6, -5), [164, 10, 10, 1], 54, 64, 1], None], [[0, 1, (-38, -21), (-7, 3), [127, 64, 10, 1], 48, 64, 1], None]]]]
[1, 1, [256, 0, [512, 1, 64], [16, 128], [200, 10, 10, 1]], [92, [16, 128], [[[1, 0, (31, 22), (6, -6), [164, 10, 10, 1], 44, 64, 1], None], [[0, 1, (-44, -18), (-6, 3), [127, 64, 10, 1], 38, 64, 1], None]]]]
[1, 1, [256, 0, [512, 1, 64], [16, 128], [200, 10, 10, 1]], [93, [16, 128], [[[1, 0, (36, 16), (5, -6), [164, 10, 10, 1], 34, 64, 1], None], [[0, 1, (-49, -15), (-5, 3), [127, 64, 10, 1], 28, 64, 1], None]]]]
[1, 1, [256, 0, [512, 1, 64], [16, 128], [200, 10, 10, 1]], [94, [16, 128], [[[1, 0, (40, 10), (4, -6), [164, 10, 10, 1], 24, 64, 1], None], [[0, 1, (-53, -12), (-4, 3), [127, 64, 10, 1], 18, 64, 1], None]]]]
[1, 1, [256, 0, [512, 1, 64], [16, 128], [200, 10, 10, 1]], [95, [16, 128], [[[1, 0, (43, 4), (3, -6), [164, 10, 10, 1], 14, 64, 1], None], [[0, 1, (-56, -9), (-3, 3), [127, 64, 10, 1], 8, 64, 1], None]]]]
[1, 1, [256, 0, [512, 1, 64], [16, 128], [200, 10, 10, 1]], [96, [16, 128], [[[1, 0, (45, -2), (2, -6), [164, 10, 10, 1], 4, 64, 1], None], [[0, 1, (-58, -6), (-2, 3), [127, 64, 10, 1], 0, 64, 1], None]]]]
[1, 1, [256, 0, [512, 1, 64], [16, 128], [200, 10, 10, 1]], [97, [16, 128], [[[1, 0, (46, -8), (1, -6), [164, 10, 10, 1], 0, 64, 1], None], [[0, 1, (-59, -3), (-1, 3), [127, 64, 10, 1], 0, 64, 1], None]]]]
[1, 1, [256, 0, [512, 1, 64], [16, 128], [200, 10, 10, 1]], [98, [16, 128], [[[1, 0, (46, -14), (0, -6), [164, 10, 10, 1], 0, 64, 1], None], [[0, 1, (-59, 0), (0, 3), [127, 64, 10, 1], 0, 64, 1], None]]]]
[1, 1, [256, 0, [512, 1, 64], [16, 128], [200, 10, 10, 1]], [99, [16, 128], [[[1, 0, (45, -20), (-1, -6), [164, 10, 10, 1], 0, 64, 1], None], [[0, 1, (-58, 3), (1, 3), [127, 64, 10, 1], 0, 64, 1], None]]]]
[1, 1, [256, 0, [512, 1, 64], [16, 128], [200, 10, 10, 1]], [100, [16, 128], [[[1, 0, (43, -26), (-2, -6), [164, 10, 10, 1], 0, 64, 1], None], [[0, 1, (-56, 6), (2, 3), [127, 64, 10, 1], 0, 64, 1], None]]]]
[1, 1, [256, 0, [512, 1, 64], [16, 128], [200, 10, 10, 1]], [101, [16, 128], [[[1, 0, (40, -32), (-3, -6), [164, 10, 10, 1], 0, 64, 1], None], [[0, 1, (-53, 9), (3, 3), [127, 64, 10, 1], 0, 64, 1], None]]]]
[1, 1, [256, 0, [512, 1, 64], [16, 128], [200, 10, 10, 1]], [102, [16, 128], [[[1, 0, (36, -38), (-4, -6), [164, 10, 10, 1], 0, 64, 1], None], [[0, 1, (-49, 12), (4, 3), [127, 64, 10, 1], 0, 64, 1], None]]]]
[1, 1, [256, 0, [512, 1, 64], [16, 128], [200, 10, 10, 1]], [103, [16, 128], [[[1, 0, (32, -43), (-4, -5), [164, 10, 10, 1], 0, 64, 1], None], [[0, 1, (-44, 15), (5, 3), [127, 64, 10, 1], 0, 64, 1], None]]]]
[1, 1, [256, 0, [512, 1, 64], [16, 128], [200, 10, 10, 1]], [104, [16, 128], [[[1, 0, (28, -47), (-4, -4), [164, 10, 10, 1], 0, 64, 1], None], [[0, 1, (-38, 18), (6, 3), [127, 64, 10, 1], 0, 64, 1], None]]]]
[1, 1, [256, 0, [512, 1, 64], [16, 128], [200, 10, 10, 1]], [105, [16, 128], [[[1, 0, (24, -50), (-4, -3), [164, 10, 10, 1], 0, 64, 1], None], [[0, 1, (-31, 21), (7, 3), [127, 64, 10, 1], 0, 64, 1], None]]]]
[1, 1, [256, 0, [512, 1, 64], [16, 128], [200, 10, 10, 1]], [106, [16, 128], [[[1, 0, (20, -52), (-4, -2), [164, 10, 10, 1], 0, 64, 1], None], [[0, 1, (-23, 24), (8, 3), [127, 64, 10, 1], 0, 64, 1], None]]]]
[1, 1, [256, 0, [512, 1, 64], [16, 128], [200, 10, 10, 1]], [107, [16, 128], [[[1, 0, (16, -53), (-4, -1), [164, 10, 10, 1], 0, 64, 1], None], [[0, 1, (-15, 26), (8, 2), [127, 64, 10, 1], 0, 64, 1], None]]]]
[1, 1, [256, 0, [512, 1, 64], [16, 128], [200, 10, 10, 1]], [108, [16, 128], [[[1, 0, (12, -53), (-4, 0), [164, 10, 10, 1], 0, 64, 1], None], [[0, 1, (-7, 27), (8, 1), [127, 64, 10, 1], 0, 64, 1], None]]]]
[1, 1, [256, 0, [512, 1, 64], [16, 128], [200, 10, 10, 1]], [109, [16, 128], [[[1, 0, (8, -52), (-4, 1), [158, 10, 10, 1], 64, 64, 1], None], [[0, 1, (1, 27), (8, 0), [127, 64, 10, 1], 54, 64, 1], [[2, (8, -52), 64, 80, 4]]]]]]
[1, 1, [256, 0, [512, 1, 64], [16, 128], [200, 10, 10, 1]], [110, [16, 128], [[[1, 0, (4, -50), (-4, 2), [158, 10, 10, 1], 54, 64, 1], None], [[0, 1, (9, 26), (8, -1), [127, 64, 10, 1], 44, 64, 1], None]]]]
[1, 1, [256, 0, [512, 1, 64], [16, 128], [200, 10, 10, 1]], [111, [16, 128], [[[1, 0, (0, -47), (-4, 3), [158, 10, 10, 1], 44, 64, 1], None], [[0, 1, (17, 24), (8, -2), [127, 64, 10, 1], 34, 64, 1], None]]]]
[1, 1, [256, 0, [512, 1, 64], [16, 128], [200, 10, 10, 1]], [112, [16, 128], [[[1, 0, (-4, -43), (-4, 4), [158, 10, 10, 1], 34, 64, 1], None], [[0, 1, (25, 21), (8, -3), [127, 64, 10, 1], 24, 64, 1], None]]]]
[1, 1, [256, 0, [512, 1, 64], [16, 128], [200, 10, 10, 1]], [113, [16, 128], [[[1, 0, (-8, -38), (-4, 5), [158, 10, 10, 1], 24, 64, 1], None], [[0, 1, (32, 18), (7, -3), [127, 64, 10, 1], 14, 64, 1], None]]]]
[1, 1, [256, 0, [512, 1, 64], [16, 128], [200, 10, 10, 1]], [114, [16, 128], [[[1, 0, (-12, -32), (-4, 6), [158, 10, 10, 1], 14, 64, 1], None], [[0, 1, (38, 15), (6, -3), [127, 64, 10, 1], 4, 64, 1], None]]]]
[1, 1, [256, 0, [512, 1, 64], [16, 128], [200, 10, 10, 1]], [115, [16, 128], [[[1, 0, (-16, -25), (-4, 7), [158, 10, 10, 1], 4, 64, 1], None], [[0, 1, (43, 12), (5, -3), [127, 64, 10, 1], 58, 64, 1], [[2, (-16, -25), 64, 0, 4]]]]]]
[1, 1, [256, 0, [512, 1, 64], [16, 128], [200, 10, 10, 1]], [116, [16, 128], [[[1, 0, (-20, -17), (-4, 8), [158, 10, 10, 1], 0, 64, 1], None], [[0, 1, (47, 9), (4, -3), [127, 64, 10, 1], 48, 64, 1], None]]]]
[1, 1, [256, 0, [512, 1, 64], [16, 128], [200, 10, 10, 1]], [117, [16, 128], [[[1, 0, (-23, -9), (-3, 8), [158, 10, 10, 1], 0, 64, 1], None], [[0, 1, (50, 6), (3, -3), [127, 64, 10, 1], 38, 64, 1], None]]]]
[1, 1, [256, 0, [512, 1, 64], [16, 128], [200, 10, 10, 1]], [118, [16, 128], [[[1, 0, (-25, -1), (-2, 8), [158, 10, 10, 1], 0, 64, 1], None], [[0, 1, (52, 3), (2, -3), [127, 64, 10, 1], 28, 64, 1], None]]]]
[1, 1, [256, 0, [512, 1, 64], [16, 128], [200, 10, 10, 1]], [119, [16, 128], [[[1, 0, (-26, 7), (-1, 8), [158, 10, 10, 1], 0, 64, 1], None], [[0, 1, (53, 0), (1, -3), [127, 64, 10, 1], 18, 64, 1], None]]]]
[1, 1, [256, 0, [512, 1, 64], [16, 128], [200, 10, 10, 1]], [120, [16, 128], [[[1, 0, (-26, 15), (0, 8), [158, 10, 10, 1], 0, 64, 1], None], [[0, 1, (53, -3), (0, -3), [127, 64, 10, 1], 8, 64, 1], None]]]]
[1, 1, [256, 0, [512, 1, 64], [16, 128], [200, 10, 10, 1]], [121, [16, 128], [[[1, 0, (-25, 23), (1, 8), [158, 10, 10, 1], 0, 64, 1], None], [[0, 1, (52, -6), (-1, -3), [127, 64, 10, 1], 62, 64, 1], [[2, (-25, 23), 64, 0, 4]]]]]]
[1, 1, [256, 0, [512, 1, 64], [16, 128], [200, 10, 10, 1]], [122, [16, 128], [[[1, 0, (-23, 31), (2, 8), [158, 10, 10, 1], 0, 64, 1], None], [[0, 1, (50, -9), (-2, -3), [127, 64, 10, 1], 52, 64, 1], None]]]]
[1, 1, [256, 0, [512, 1, 64], [16, 128], [200, 10, 10, 1]], [123, [16, 128], [[[1, 0, (-21, 38), (2, 7), [158, 10, 10, 1], 0, 64, 1], None], [[0, 1, (47, -12), (-3, -3), [127, 64, 10, 1], 42, 64, 1], None]]]]
[1, 1, [256, 0, [512, 1, 64], [16, 128], [200, 10, 10, 1]], [124, [16, 128], [[[1, 0, (-19, 44), (2, 6), [158, 10, 10, 1], 0, 64, 1], None], [[0, 1, (43, -15), (-4, -3), [127, 64, 10, 1], 32, 64, 1], None]]]]
[1, 1, [256, 0, [512, 1, 64], [16, 128], [200, 10, 10, 1]], [125, [16, 128], [[[1, 0, (-17, 49), (2, 5), [158, 10, 10, 1], 0, 64, 1], None], [[0, 1, (38, -18), (-5, -3), [127, 64, 10, 1], 22, 64, 1], None]]]]
[1, 1, [256, 0, [512, 1, 64], [16, 128], [200, 10, 10, 1]], [126, [16, 128], [[[1, 0, (-14, 54), (3, 5), [157, 10, 10, 1], 0, 64, 1], [[0, (-1, -1)]]], [[0, 1, (32, -21), (-6, -3), [127, 64, 10, 1], 12, 64, 1], None]]]]
[1, 1, [256, 0, [512, 1, 64], [16, 128], [200, 10, 10, 1]], [127, [16, 128], [[[1, 0, (-11, 58), (3, 4), [157, 10, 10, 1], 0, 64, 1], None], [[0, 1, (25, -24), (-7, -3), [127, 64, 10, 1], 2, 64, 1], None]]]]
[1, 1, [256, 0, [512, 1, 64], [16, 128], [200, 10, 10, 1]], [128, [16, 128], [[[1, 0, (-8, 61), (3, 3), [157, 10, 10, 1], 0, 64, 1], None], [[0, 1, (17, -27), (-8, -3), [127, 64, 10, 1], 0, 64, 1], None]]]]
[1, 1, [256, 0, [512, 1, 64], [16, 128], [200, 10, 10, 1]], [129, [16, 128], [[[1, 0, (-5, 63), (3, 2), [157, 10, 10, 1], 0, 64, 1], None], [[0, 1, (9, -29), (-8, -2), [127, 64, 10, 1], 0, 64, 1], None]]]]
[1, 1, [256, 0, [512, 1, 64], [16, 128], [200, 10, 10, 1]], [130, [16, 128], [[[1, 0, (-2, 64), (3, 1), [157, 10, 10, 1], 0, 64, 1], None], [[0, 1, (1, -30), (-8, -1), [127, 64, 10, 1], 0, 64, 1], None]]]]
[1, 1, [256, 0, [512, 1, 64], [16, 128], [200, 10, 10, 1]], [131, [16, 128], [[[1, 0, (1, 64), (3, 0), [157, 10, 10, 1], 0, 64, 1], None], [[0, 1, (-7, -30), (-8, 0), [127, 64, 10, 1], 0, 64, 1], None]]]]
[1, 1, [256, 0, [512, 1, 64], [16, 128], [200, 10, 10, 1]], [132, [16, 128], [[[1, 0, (4, 63), (3, -1), [157, 10, 10, 1], 0, 64, 1], None], [[0, 1, (-15, -29), (-8, 1), [127, 64, 10, 1], 0, 64, 1], None]]]]
[1, 1, [256, 0, [512, 1, 64], [16, 128], [200, 10, 10, 1]], [133, [16, 128], [[[1, 0, (7, 61), (3, -2), [157, 10, 10, 1], 0, 64, 1], None], [[0, 1, (-23, -27), (-8, 2), [127, 64, 10, 1], 0, 64, 1], None]]]]
[1, 1, [256, 0, [512, 1, 64], [16, 128], [200, 10, 10, 1]], [134, [16, 128], [[[1, 0, (10, 58), (3, -3), [157, 10, 10, 1], 0, 64, 1], None], [[0, 1, (-31, -24), (-8, 3), [127, 64, 10, 1], 0, 64, 1], None]]]]
[1, 1, [256, 0, [512, 1, 64], [16, 128], [200, 10, 10, 1]], [135, [16, 128], [[[1, 0, (13, 54), (3, -4), [157, 10, 10, 1], 0, 64, 1], None], [[0, 1, (-38, -21), (-7, 3), [127, 64, 10, 1], 0, 64, 1], None]]]]
[1, 1, [256, 0, [512, 1, 64], [16, 128], [200, 10, 10, 1]], [136, [16, 128], [[[1, 0, (16, 49), (3, -5), [157, 10, 10, 1], 0, 64, 1], None], [[0, 1, (-44, -18), (-6, 3), [127, 64, 10, 1], 0, 64, 1], None]]]]
[1, 1, [256, 0, [512, 1, 64], [16, 128], [200, 10, 10, 1]], [137, [16, 128], [[[1, 0, (19, 44), (3, -5), [156, 10, 10, 1], 0, 64, 1], [[0, (0, -1)]]], [[0, 1, (-49, -15), (-5, 3), [127, 64, 10, 1], 0, 64, 1], None]]]]
[1, 1, [256, 0, [512, 1, 64], [16, 128], [200, 10, 10, 1]], [138, [16, 128], [[[1, 0, (22, 38), (3, -6), [156, 10, 10, 1], 0, 64, 1], None], [[0, 1, (-53, -12), (-4, 3), [127, 64, 10, 1], 0, 64, 1], None]]]]
[1, 1, [256, 0, [512, 1, 64], [16, 128], [200, 10, 10, 1]], [139, [16, 128], [[[1, 0, (25, 31), (3, -7), [156, 10, 10, 1], 0, 64, 1], None], [[0, 1, (-56, -9), (-3, 3), [127, 64, 10, 1], 0, 64, 1], None]]]]
[1, 1, [256, 0, [512, 1, 64], [16, 128], [200, 10, 10, 1]], [140, [16, 128], [[[1, 0, (28, 23), (3, -8), [156, 10, 10, 1], 0, 64, 1], None], [[0, 1, (-58, -6), (-2, 3), [127, 64, 10, 1], 0, 64, 1], None]]]]
[1, 1, [256, 0, [512, 1, 64], [16, 128], [200, 10, 10, 1]], [141, [16, 128], [[[1, 0, (30, 15), (2, -8), [156, 10, 10, 1], 0, 64, 1], None], [[0, 1, (-59, -3), (-1, 3), [127, 64, 10, 1], 0, 64, 1], None]]]]
[1, 1, [256, 0, [512, 1, 64], [16, 128], [200, 10, 10, 1]], [142, [16, 128], [[[1, 0, (31, 7), (1, -8), [156, 10, 10, 1], 0, 64, 1], None], [[0, 1, (-59, 0), (0, 3), [127, 64, 10, 1], 0, 64, 1], None]]]]
[1, 1, [256, 0, [512, 1, 64], [16, 128], [200, 10, 10, 1]], [143, [16, 128], [[[1, 0, (31, -1), (0, -8), [156, 10, 10, 1], 0, 64, 1], None], [[0, 1, (-58, 3), (1, 3), [127, 64, 10, 1], 0, 64, 1], None]]]]
[1, 1, [256, 0, [512, 1, 64], [16, 128], [200, 10, 10, 1]], [144, [16, 128], [[[1, 0, (30, -9), (-1, -8), [156, 10, 10, 1], 0, 64, 1], None], [[0, 1, (-56, 6), (2, 3), [127, 64, 10, 1], 0, 64, 1], None]]]]
[1, 1, [256, 0, [512, 1, 64], [16, 128], [200, 10, 10, 1]], [145, [16, 128], [[[1, 0, (28, -17), (-2, -8), [156, 10, 10, 1], 0, 64, 1], None], [[0, 1, (-53, 9), (3, 3), [127, 64, 10, 1], 0, 64, 1], None]]]]
[1, 1, [256, 0, [512, 1, 64], [16, 128], [200, 10, 10, 1]], [146, [16, 128], [[[1, 0, (25, -25), (-3, -8), [156, 10, 10, 1], 0, 64, 1], None], [[0, 1, (-49, 12), (4, 3), [127, 64, 10, 1], 0, 64, 1], None]]]]
[1, 1, [256, 0, [512, 1, 64], [16, 128], [200, 10, 10, 1]], [147, [16, 128], [[[1, 0, (21, -32), (-4, -7), [156, 10, 10, 1], 12, 64, 1], None], [[0, 1, (-44, 15), (5, 3), [127, 64, 10, 1], 54, 64, 1], [[2, (21, -32), 64, 22, 4]]]]]]
[1, 1, [256, 0, [512, 1, 64], [16, 128], [200, 10, 10, 1]], [148, [16, 128], [[[1, 0, (17, -38), (-4, -6), [156, 10, 10, 1], 2, 64, 1], None], [[0, 1, (-38, 18), (6, 3), [127, 64, 10, 1], 44, 64, 1], None]]]]
[1, 1, [256, 0, [512, 1, 64], [16, 128], [200, 10, 10, 1]], [149, [16, 128], [[[1, 0, (13, -43), (-4, -5), [156, 10, 10, 1], 0, 64, 1], None], [[0, 1, (-31, 21), (7, 3), [127, 64, 10, 1], 34, 64, 1], None]]]]
[1, 1, [256, 0, [512, 1, 64], [16, 128], [200, 10, 10, 1]], [150, [16, 128], [[[1, 0, (9, -47), (-4, -4), [156, 10, 10, 1], 0, 64, 1], None], [[0, 1, (-23, 24), (8, 3), [127, 64, 10, 1], 24, 64, 1], None]]]]
[1, 1, [256, 0, [512, 1, 64], [16, 128], [200, 10, 10, 1]], [151, [16, 128], [[[1, 0, (5, -50), (-4, -3), [156, 10, 10, 1], 0, 64, 1], None], [[0, 1, (-15, 26), (8, 2), [127, 64, 10, 1], 14, 64, 1], None]]]]
[1, 1, [256, 0, [512, 1, 64], [16, 128], [200, 10, 10, 1]], [152, [16, 128], [[[1, 0, (1, -52), (-4, -2), [156, 10, 10, 1], 0, 64, 1], None], [[0, 1, (-7, 27), (8, 1), [127, 64, 10, 1], 4, 64, 1], None]]]]
[1, 1, [256, 0, [512, 1, 64], [16, 128], [200, 10, 10, 1]], [153, [16, 128], [[[1, 0, (-3, -53), (-4, -1), [136, 10, 10, 1], 64, 64, 1], None], [[0, 1, (1, 27), (8, 0), [127, 64, 10, 1], 58, 64, 1], [[2, (-3, -53), 64, 94, 4]]]]]]
[1, 1, [256, 0, [512, 1, 64], [16, 128], [200, 10, 10, 1]], [154, [16, 128], [[[1, 0, (-7, -53), (-4, 0), [136, 10, 10, 1], 54, 64, 1], None], [[0, 1, (9, 26), (8, -1), [127, 64, 10, 1], 48, 64, 1], None]]]]
[1, 1, [256, 0, [512, 1, 64], [16, 128], [200, 10, 10, 1]], [155, [16, 128], [[[1, 0, (-11, -52), (-4, 1), [136, 10, 10, 1], 44, 64, 1], None], [[0, 1, (17, 24), (8, -2), [127, 64, 10, 1], 38, 64, 1], None]]]]
[1, 1, [256, 0, [512, 1, 64], [16, 128], [200, 10, 10, 1]], [156, [16, 128], [[[1, 0, (-15, -50), (-4, 2), [136, 10, 10, 1], 34, 64, 1], None], [[0, 1, (25, 21), (8, -3), [127, 64, 10, 1], 28, 64, 1], None]]]]
[1, 1, [256, 0, [512, 1, 64], [16, 128], [200, 10, 10, 1]], [157, [16, 128], [[[1, 0, (-19, -47), (-4, 3), [136, 10, 10, 1], 24, 64, 1], None], [[0, 1, (32, 18), (7, -3), [127, 64, 10, 1], 18, 64, 1], None]]]]
[1, 1, [256, 0, [512, 1, 64], [16, 128], [200, 10, 10, 1]], [158, [16, 128], [[[1, 0, (-23, -43), (-4, 4), [136, 10, 10, 1], 14, 64, 1], None], [[0, 1, (38, 15), (6, -3), [127, 64, 10, 1], 8, 64, 1], None]]]]
[1, 1, [256, 0, [512, 1, 64], [16, 128], [200, 10, 10, 1]], [159, [16, 128], [[[1, 0, (-27, -38), (-4, 5), [136, 10, 10, 1], 4, 64, 1], None], [[0, 1, (43, 12), (5, -3), [127, 64, 10, 1], 0, 64, 1], None]]]]
[1, 1, [256, 0, [512, 1, 64], [16, 128], [200, 10, 10, 1]], [160, [16, 128], [[[1, 0, (-31, -32), (-4, 6), [136, 10, 10, 1], 0, 64, 1], None], [[0, 1, (47, 9), (4, -3), [127, 64, 10, 1], 0, 64, 1], None]]]]
[1, 1, [256, 0, [512, 1, 64], [16, 128], [200, 10, 10, 1]], [161, [16, 128], [[[1, 0, (-35, -25), (-4, 7), [136, 10, 10, 1], 0, 64, 1], None], [[0, 1, (50, 6), (3, -3), [127, 64, 10, 1], 0, 64, 1], None]]]]
[1, 1, [256, 0, [512, 1, 64], [16, 128], [200, 10, 10, 1]], [162, [16, 128], [[[1, 0, (-38, -18), (-3, 7), [136, 10, 10, 1], 0, 64, 1], None], [[0, 1, (52, 3), (2, -3), [127, 64, 10, 1], 0, 64, 1], None]]]]
[1, 1, [256, 0, [512, 1, 64], [16, 128], [200, 10, 10, 1]], [163, [16, 128], [[[1, 0, (-40, -11), (-2, 7), [136, 10, 10, 1], 0, 64, 1], None], [[0, 1, (53, 0), (1, -3), [127, 64, 10, 1], 0, 64, 1], None]]]]
[1, 1, [256, 0, [512, 1, 64], [16, 128], [200, 10, 10, 1]], [164, [16, 128], [[[1, 0, (-41, -4), (-1, 7), [136, 10, 10, 1], 0, 64, 1], None], [[0, 1, (53, -3), (0, -3), [127, 64, 10, 1], 0, 64, 1], None]]]]
[1, 1, [256, 0, [512, 1, 64], [16, 128], [200, 10, 10, 1]], [165, [16, 128], [[[1, 0, (-41, 3), (0, 7), [136, 10, 10, 1], 0, 64, 1], None], [[0, 1, (52, -6), (-1, -3), [127, 64, 10, 1], 0, 64, 1], None]]]]
[1, 1, [256, 0, [512, 1, 64], [16, 128], [200, 10, 10, 1]], [166, [16, 128], [[[1, 0, (-40, 10), (1, 7), [136, 10, 10, 1], 0, 64, 1], None], [[0, 1, (50, -9), (-2, -3), [127, 64, 10, 1], 0, 64, 1], None]]]]
[1, 1, [256, 0, [512, 1, 64], [16, 128], [200, 10, 10, 1]], [167, [16, 128], [[[1, 0, (-38, 17), (2, 7), [136, 10, 10, 1], 0, 64, 1], None], [[0, 1, (47, -12), (-3, -3), [127, 64, 10, 1], 0, 64, 1], None]]]]
[1, 1, [256, 0, [512, 1, 64], [16, 128], [200, 10, 10, 1]], [168, [16, 128], [[[1, 0, (-35, 24), (3, 7), [136, 10, 10, 1], 0, 64, 1], None], [[0, 1, (43, -15), (-4, -3), [127, 64, 10, 1], 0, 64, 1], None]]]]
[1, 1, [256, 0, [512, 1, 64], [16, 128], [200, 10, 10, 1]], [169, [16, 128], [[[1, 0, (-31, 31), (4, 7), [136, 10, 10, 1], 0, 64, 1], None], [[0, 1, (38, -18), (-5, -3), [127, 64, 10, 1], 0, 64, 1], None]]]]
[1, 1, [256, 0, [512, 1, 64], [16, 128], [200, 10, 10, 1]], [170, [16, 128], [[[1, 0, (-26, 37), (5, 6), [136, 10, 10, 1], 0, 64, 1], None], [[0, 1, (32, -21), (-6, -3), [127, 64, 10, 1], 0, 64, 1], None]]]]
[1, 1, [256, 0, [512, 1, 64], [16, 128], [200, 10, 10, 1]], [171, [16, 128], [[[1, 0, (-21, 42), (5, 5), [136, 10, 10, 1], 1, 64, 1], None], [[0, 1, (25, -24), (-7, -3), [127, 64, 10, 1], 54, 64, 1], [[2, (-21, 42), 64, 11, 4]]]]]]
[1, 1, [256, 0, [512, 1, 64], [16, 128], [200, 10, 10, 1]], [172, [16, 128], [[[1, 0, (-16, 46), (5, 4), [136, 10, 10, 1], 0, 64, 1], None], [[0, 1, (17, -27), (-8, -3), [127, 64, 10, 1], 44, 64, 1], None]]]]
[1, 1, [256, 0, [512, 1, 64], [16, 128], [200, 10, 10, 1]], [173, [16, 128], [[[1, 0, (-11, 49), (5, 3), [136, 10, 10, 1], 0, 64, 1], None], [[0, 1, (9, -29), (-8, -2), [127, 64, 10, 1], 34, 64, 1], None]]]]
[1, 1, [256, 0, [512, 1, 64], [16, 128], [200, 10, 10, 1]], [174, [16, 128], [[[1, 0, (-6, 51), (5, 2), [136, 10, 10, 1], 0, 64, 1], None], [[0, 1, (1, -30), (-8, -1), [127, 64, 10, 1], 24, 64, 1], None]]]]
[1, 1, [256, 0, [512, 1, 64], [16, 128], [200, 10, 10, 1]], [175, [16, 128], [[[1, 0, (-1, 52), (5, 1), [136, 10, 10, 1], 0, 64, 1], None], [[0, 1, (-7, -30), (-8, 0), [127, 64, 10, 1], 14, 64, 1], None]]]]
[1, 1, [256, 0, [512, 1, 64], [16, 128], [200, 10, 10, 1]], [176, [16, 128], [[[1, 0, (4, 52), (5, 0), [136, 10, 10, 1], 0, 64, 1], None], [[0, 1, (-15, -29), (-8, 1), [127, 64, 10, 1], 4, 64, 1], None]]]]
[1, 1, [256, 0, [512, 1, 64], [16, 128], [200, 10, 10, 1]], [177, [16, 128], [[[1, 0, (9, 51), (5, -1), [136, 10, 10, 1], 0, 64, 1], None], [[0, 1, (-23, -27), (-8, 2), [127, 64, 10, 1], 58, 64, 1], [[2, (9, 51), 64, 0, 4]]]]]]
[1, 1, [256, 0, [512, 1, 64], [16, 128], [200, 10, 10, 1]], [178, [16, 128], [[[1, 0, (14, 49), (5, -2), [136, 10, 10, 1], 0, 64, 1], None], [[0, 1, (-31, -24), (-8, 3), [127, 64, 10, 1], 48, 64, 1], None]]]]
[1, 1, [256, 0, [512, 1, 64], [16, 128], [200, 10, 10, 1]], [179, [16, 128], [[[1, 0, (19, 46), (5, -3), [136, 10, 10, 1], 0, 64, 1], None], [[0, 1, (-38, -21), (-7, 3), [127, 64, 10, 1], 38, 64, 1], None]]]]
[1, 1, [256, 0, [512, 1, 64], [16, 128], [200, 10, 10, 1]], [180, [16, 128], [[[1, 0, (24, 42), (5, -4), [136, 10, 10, 1], 0, 64, 1], None], [[0, 1, (-44, -18), (-6, 3), [127, 64, 10, 1], 28, 64, 1], None]]]]
[1, 1, [256, 0, [512, 1, 64], [16, 128], [200, 10, 10, 1]], [181, [16, 128], [[[1, 0, (29, 37), (5, -5), [136, 10, 10, 1], 0, 64, 1], None], [[0, 1, (-49, -15), (-5, 3), [127, 64, 10, 1], 18, 64, 1], None]]]]
[1, 1, [256, 0, [512, 1, 64], [16, 128], [200, 10, 10, 1]], [182, [16, 128], [[[1, 0, (34, 31), (5, -6), [136, 10, 10, 1], 0, 64, 1], None], [[0, 1, (-53, -12), (-4, 3), [127, 64, 10, 1], 8, 64, 1], None]]]]
[1, 1, [256, 0, [512, 1, 64], [16, 128], [200, 10, 10, 1]], [183, [16, 128], [[[1, 0, (38, 25), (4, -6), [136, 10, 10, 1], 0, 64, 1], None], [[0, 1, (-56, -9), (-3, 3), [127, 64, 10, 1], 0, 64, 1], None]]]]
[1, 1, [256, 0, [512, 1, 64], [16, 128], [200, 10, 10, 1]], [184, [16, 128], [[[1, 0, (41, 19), (3, -6), [136, 10, 10, 1], 0, 64, 1], None], [[0, 1, (-58, -6), (-2, 3), [127, 64, 10, 1], 0, 64, 1], None]]]]
[1, 1, [256, 0, [512, 1, 64], [16, 128], [200, 10, 10, 1]], [185, [16, 128], [[[1, 0, (43, 13), (2, -6), [136, 10, 10, 1], 0, 64, 1], None], [[0, 1, (-59, -3), (-1, 3), [127, 64, 10, 1], 0, 64, 1], None]]]]
[1, 1, [256, 0, [512, 1, 64], [16, 128], [200, 10, 10, 1]], [186, [16, 128], [[[1, 0, (44, 7), (1, -6), [136, 10, 10, 1], 0, 64, 1], None], [[0, 1, (-59, 0), (0, 3), [127, 64, 10, 1], 0, 64, 1], None]]]]
[1, 1, [256, 0, [512, 1, 64], [16, 128], [200, 10, 10, 1]], [187, [16, 128], [[[1, 0, (44, 1), (0, -6), [136, 10, 10, 1], 0, 64, 1], None], [[0, 1, (-58, 3), (1, 3), [127, 64, 10, 1], 0, 64, 1], None]]]]
[1, 1, [256, 0, [512, 1, 64], [16, 128], [200, 10, 10, 1]], [188, [16, 128], [[[1, 0, (43, -5), (-1, -6), [136, 10, 10, 1], 0, 64, 1], None], [[0, 1, (-56, 6), (2, 3), [127, 64, 10, 1], 0, 64, 1], None]]]]
[1, 1, [256, 0, [512, 1, 64], [16, 128], [200, 10, 10, 1]], [189, [16, 128], [[[1, 0, (41, -11), (-2, -6), [136, 10, 10, 1], 0, 64, 1], None], [[0, 1, (-53, 9), (3, 3), [127, 64, 10, 1], 0, 64, 1], None]]]]
[1, 1, [256, 0, [512, 1, 64], [16, 128], [200, 10, 10, 1]], [190, [16, 128], [[[1, 0, (38, -17), (-3, -6), [136, 10, 10, 1], 0, 64, 1], None], [[0, 1, (-49, 12), (4, 3), [127, 64, 10, 1], 0, 64, 1], None]]]]
[1, 1, [256, 0, [512, 1, 64], [16, 128], [200, 10, 10, 1]], [191, [16, 128], [[[1, 0, (34, -23), (-4, -6), [136, 10, 10, 1], 0, 64, 1], None], [[0, 1, (-44, 15), (5, 3), [127, 64, 10, 1], 0, 64, 1], None]]]]
[1, 1, [256, 0, [512, 1, 64], [16, 128], [200, 10, 10, 1]], [192, [16, 128], [[[1, 0, (29, -29), (-5, -6), [136, 10, 10, 1], 0, 64, 1], None], [[0, 1, (-38, 18), (6, 3), [127, 64, 10, 1], 0, 64, 1], None]]]]
[1, 1, [256, 0, [512, 1, 64], [16, 128], [200, 10, 10, 1]], [193, [16, 128], [[[1, 0, (23, -34), (-6, -5), [78, 10, 10, 1], 64, 64, 1], None], [[0, 1, (-31, 21), (7, 3), [127, 64, 10, 1], 54, 64, 1], [[2, (23, -34), 64, 132, 4]]]]]]
[1, 1, [256, 0, [512, 1, 64], [16, 128], [200, 10, 10, 1]], [194, [16, 128], [[[1, 0, (17, -38), (-6, -4), [78, 10, 10, 1], 54, 64, 1], None], [[0, 1, (-23, 24), (8, 3), [127, 64, 10, 1], 44, 64, 1], None]]]]
[1, 1, [256, 0, [512, 1, 64], [16, 128], [200, 10, 10, 1]], [195, [16, 128], [[[1, 0, (11, -41), (-6, -3), [78, 10, 10, 1], 44, 64, 1], None], [[0, 1, (-15, 26), (8, 2), [127, 64, 10, 1], 34, 64, 1], None]]]]
[1, 1, [256, 0, [512, 1, 64], [16, 128], [200, 10, 10, 1]], [196, [16, 128], [[[1, 0, (5, -43), (-6, -2), [78, 10, 10, 1], 34, 64, 1], None], [[0, 1, (-7, 27), (8, 1), [127, 64, 10, 1], 24, 64, 1], None]]]]
[1, 1, [256, 0, [512, 1, 64], [16, 128], [200, 10, 10, 1]], [197, [16, 128], [[[1, 0, (-1, -44), (-6, -1), [78, 10, 10, 1], 24, 64, 1], None], [[0, 1, (1, 27), (8, 0), [127, 64, 10, 1], 14, 64, 1], None]]]]
[1, 1, [256, 0, [512, 1, 64], [16, 128], [200, 10, 10, 1]], [198, [16, 128], [[[1, 0, (-7, -44), (-6, 0), [78, 10, 10, 1], 14, 64, 1], None], [[0, 1, (9, 26), (8, -1), [127, 64, 10, 1], 4, 64, 1], None]]]]
[1, 1, [256, 0, [512, 1, 64], [16, 128], [200, 10, 10, 1]], [199, [16, 128], [[[1, 0, (-13, -43), (-6, 1), [78, 10, 10, 1], 4, 64, 1], None], [[0, 1, (17, 24), (8, -2), [127, 64, 10, 1], 58, 64, 1], [[2, (-13, -43), 64, 0, 4]]]]]]
[1, 1, [256, 0, [512, 1, 64], [16, 128], [200, 10, 10, 1]], [200, [16, 128], [[[1, 0, (-19, -41), (-6, 2), [78, 10, 10, 1], 0, 64, 1], None], [[0, 1, (25, 21), (8, -3), [127, 64, 10, 1], 48, 64, 1], None]]]]
[1, 1, [256, 0, [512, 1, 64], [16, 128], [200, 10, 10, 1]], [201, [16, 128], [[[1, 0, (-25, -38), (-6, 3), [78, 10, 10, 1], 0, 64, 1], None], [[0, 1, (32, 18), (7, -3), [127, 64, 10, 1], 38, 64, 1], None]]]]
[1, 1, [256, 0, [512, 1, 64], [16, 128], [200, 10, 10, 1]], [202, [16, 128], [[[1, 0, (-31, -34), (-6, 4), [78, 10, 10, 1], 0, 64, 1], None], [[0, 1, (38, 15), (6, -3), [127, 64, 10, 1], 28, 64, 1], None]]]]
[1, 1, [256, 0, [512, 1, 64], [16, 128], [200, 10, 10, 1]], [203, [16, 128], [[[1, 0, (-37, -29), (-6, 5), [78, 10, 10, 1], 0, 64, 1], None], [[0, 1, (43, 12), (5, -3), [127, 64, 10, 1], 18, 64, 1], None]]]]
[1, 1, [256, 0, [512, 1, 64], [16, 128], [200, 10, 10, 1]], [204, [16, 128], [[[1, 0, (-42, -24), (-5, 5), [78, 10, 10, 1], 0, 64, 1], None], [[0, 1, (47, 9), (4, -3), [127, 64, 10, 1], 8, 64, 1], None]]]]
[1, 1, [256, 0, [512, 1, 64], [16, 128], [200, 10, 10, 1]], [205, [16, 128], [[[1, 0, (-46, -19), (-4, 5), [78, 10, 10, 1], 0, 64, 1], None], [[0, 1, (50, 6), (3, -3), [127, 64, 10, 1], 0, 64, 1], None]]]]
[1, 1, [256, 0, [512, 1, 64], [16, 128], [200, 10, 10, 1]], [206, [16, 128], [[[1, 0, (-49, -14), (-3, 5), [78, 10, 10, 1], 0, 64, 1], None], [[0, 1, (52, 3), (2, -3), [127, 64, 10, 1], 0, 64, 1], None]]]]
[1, 1, [256, 0, [512, 1, 64], [16, 128], [200, 10, 10, 1]], [207, [16, 128], [[[1, 0, (-51, -9), (-2, 5), [78, 10, 10, 1], 0, 64, 1], None], [[0, 1, (53, 0), (1, -3), [127, 64, 10, 1], 0, 64, 1], None]]]]
[1, 1, [256, 0, [512, 1, 64], [16, 128], [200, 10, 10, 1]], [208, [16, 128], [[[1, 0, (-52, -4), (-1, 5), [78, 10, 10, 1], 0, 64, 1], None], [[0, 1, (53, -3), (0, -3), [127, 64, 10, 1], 0, 64, 1], None]]]]
[1, 1, [256, 0, [512, 1, 64], [16, 128], [200, 10, 10, 1]], [209, [16, 128], [[[1, 0, (-52, 1), (0, 5), [78, 10, 10, 1], 0, 64, 1], None], [[0, 1, (52, -6), (-1, -3), [127, 64, 10, 1], 0, 64, 1], None]]]]
[1, 1, [256, 0, [512, 1, 64], [16, 128], [200, 10, 10, 1]], [210, [16, 128], [[[1, 0, (-51, 6), (1, 5), [78, 10, 10, 1], 0, 64, 1], None], [[0, 1, (50, -9), (-2, -3), [127, 64, 10, 1], 0, 64, 1], None]]]]
[1, 1, [256, 0, [512, 1, 64], [16, 128], [200, 10, 10, 1]], [211, [16, 128], [[[1, 0, (-49, 11), (2, 5), [78, 10, 10, 1], 0, 64, 1], None], [[0, 1, (47, -12), (-3, -3), [127, 64, 10, 1], 0, 64, 1], None]]]]
[1, 1, [256, 0, [512, 1, 64], [16, 128], [200, 10, 10, 1]], [212, [16, 128], [[[1, 0, (-46, 16), (3, 5), [78, 10, 10, 1], 0, 64, 1], None], [[0, 1, (43, -15), (-4, -3), [127, 64, 10, 1], 0, 64, 1], None]]]]
[1, 1, [256, 0, [512, 1, 64], [16, 128], [200, 10, 10, 1]], [213, [16, 128], [[[1, 0, (-42, 21), (4, 5), [78, 10, 10, 1], 0, 64, 1], None], [[0, 1, (38, -18), (-5, -3), [127, 64, 10, 1], 0, 64, 1], None]]]]
[1, 1, [256, 0, [512, 1, 64], [16, 128], [200, 10, 10, 1]], [214, [16, 128], [[[1, 0, (-37, 26), (5, 5), [78, 10, 10, 1], 0, 64, 1], None], [[0, 1, (32, -21), (-6, -3), [127, 64, 10, 1], 0, 64, 1], None]]]]
[1, 1, [256, 0, [512, 1, 64], [16, 128], [200, 10, 10, 1]], [215, [16, 128], [[[1, 0, (-31, 31), (6, 5), [78, 10, 10, 1], 0, 64, 1], None], [[0, 1, (25, -24), (-7, -3), [127, 64, 10, 1], 0, 64, 1], None]]]]
[1, 1, [256, 0, [512, 1, 64], [16, 128], [200, 10, 10, 1]], [216, [16, 128], [[[1, 0, (-24, 35), (7, 4), [78, 10, 10, 1], 0, 64, 1], None], [[0, 1, (17, -27), (-8, -3), [127, 64, 10, 1], 54, 64, 1], [[2, (-24, 35), 64, 1, 4]]]]]]
[1, 1, [256, 0, [512, 1, 64], [16, 128], [200, 10, 10, 1]], [217, [16, 128], [[[1, 0, (-17, 38), (7, 3), [78, 10, 10, 1], 0, 64, 1], None], [[0, 1, (9, -29), (-8, -2), [127, 64, 10, 1], 44, 64, 1], None]]]]
[1, 1, [256, 0, [512, 1, 64], [16, 128], [200, 10, 10, 1]], [218, [16, 128], [[[1, 0, (-10, 40), (7, 2), [78, 10, 10, 1], 0, 64, 1], None], [[0, 1, (1, -30), (-8, -1), [127, 64, 10, 1], 34, 64, 1], None]]]]
[1, 1, [256, 0, [512, 1, 64], [16, 128], [200, 10, 10, 1]], [219, [16, 128], [[[1, 0, (-3, 41), (7, 1), [78, 10, 10, 1], 0, 64, 1], None], [[0, 1, (-7, -30), (-8, 0), [127, 64, 10, 1], 24, 64, 1], None]]]]
[1, 1, [256, 0, [512, 1, 64], [16, 128], [200, 10, 10, 1]], [220, [16, 128], [[[1, 0, (4, 41), (7, 0), [78, 10, 10, 1], 0, 64, 1], None], [[0, 1, (-15, -29), (-8, 1), [127, 64, 10, 1], 14, 64, 1], None]]]]
[1, 1, [256, 0, [512, 1, 64], [16, 128], [200, 10, 10, 1]], [221, [16, 128], [[[1, 0, (11, 40), (7, -1), [78, 10, 10, 1], 0, 64, 1], None], [[0, 1, (-23, -27), (-8, 2), [127, 64, 10, 1], 4, 64, 1], None]]]]
[1, 1, [256, 0, [512, 1, 64], [16, 128], [200, 10, 10, 1]], [222, [16, 128], [[[1, 0, (18, 38), (7, -2), [78, 10, 10, 1], 41, 64, 1], None], [[0, 1, (-31, -24), (-8, 3), [127, 64, 10, 1], 58, 64, 1], [[2, (18, 38), 64, 51, 4]]]]]]
[1, 1, [256, 0, [512, 1, 64], [16, 128], [200, 10, 10, 1]], [223, [16, 128], [[[1, 0, (25, 35), (7, -3), [78, 10, 10, 1], 31, 64, 1], None], [[0, 1, (-38, -21), (-7, 3), [127, 64, 10, 1], 48, 64, 1], None]]]]
[1, 1, [256, 0, [512, 1, 64], [16, 128], [200, 10, 10, 1]], [224, [16, 128], [[[1, 0, (32, 31), (7, -4), [78, 10, 10, 1], 21, 64, 1], None], [[0, 1, (-44, -18), (-6, 3), [127, 64, 10, 1], 38, 64, 1], None]]]]
[1, 1, [256, 0, [512, 1, 64], [16, 128], [200, 10, 10, 1]], [225, [16, 128], [[[1, 0, (38, 27), (6, -4), [78, 10, 10, 1], 11, 64, 1], None], [[0, 1, (-49, -15), (-5, 3), [127, 64, 10, 1], 28, 64, 1], None]]]]
[1, 1, [256, 0, [512, 1, 64], [16, 128], [200, 10, 10, 1]], [226, [16, 128], [[[1, 0, (43, 23), (5, -4), [78, 10, 10, 1], 1, 64, 1], None], [[0, 1, (-53, -12), (-4, 3), [127, 64, 10, 1], 18, 64, 1], None]]]]
[1, 1, [256, 0, [512, 1, 64], [16, 128], [200, 10, 10, 1]], [227, [16, 128], [[[1, 0, (47, 19), (4, -4), [78, 10, 10, 1], 0, 64, 1], None], [[0, 1, (-56, -9), (-3, 3), [127, 64, 10, 1], 8, 64, 1], None]]]]
[1, 1, [256, 0, [512, 1, 64], [16, 128], [200, 10, 10, 1]], [228, [16, 128], [[[1, 0, (50, 15), (3, -4), [78, 10, 10, 1], 0, 64, 1], None], [[0, 1, (-58, -6), (-2, 3), [127, 64, 10, 1], 0, 64, 1], None]]]]
[1, 1, [256, 0, [512, 1, 64], [16, 128], [200, 10, 10, 1]], [229, [16, 128], [[[1, 0, (52, 11), (2, -4), [78, 10, 10, 1], 0, 64, 1], None], [[0, 1, (-59, -3), (-1, 3), [127, 64, 10, 1], 0, 64, 1], None]]]]
[1, 1, [256, 0, [512, 1, 64], [16, 128], [200, 10, 10, 1]], [230, [16, 128], [[[1, 0, (53, 7), (1, -4), [78, 10, 10, 1], 0, 64, 1], None], [[0, 1, (-59, 0), (0, 3), [127, 64, 10, 1], 0, 64, 1], None]]]]
[1, 1, [256, 0, [512, 1, 64], [16, 128], [200, 10, 10, 1]], [231, [16, 128], [[[1, 0, (53, 3), (0, -4), [78, 10, 10, 1], 0, 64, 1], None], [[0, 1, (-58, 3), (1, 3), [127, 64, 10, 1], 0, 64, 1], None]]]]
[1, 1, [256, 0, [512, 1, 64], [16, 128], [200, 10, 10, 1]], [232, [16, 128], [[[1, 0, (52, -1), (-1, -4), [78, 10, 10, 1], 0, 64, 1], None], [[0, 1, (-56, 6), (2, 3), [127, 64, 10, 1], 0, 64, 1], None]]]]
[1, 1, [256, 0, [512, 1, 64], [16, 128], [200, 10, 10, 1]], [233, [16, 128], [[[1, 0, (50, -5), (-2, -4), [78, 10, 10, 1], 0, 64, 1], None], [[0, 1, (-53, 9), (3, 3), [127, 64, 10, 1], 0, 64, 1], None]]]]
[1, 1, [256, 0, [512, 1, 64], [16, 128], [200, 10, 10, 1]], [234, [16, 128], [[[1, 0, (47, -9), (-3, -4), [78, 10, 10, 1], 0, 64, 1], None], [[0, 1, (-49, 12), (4, 3), [127, 64, 10, 1], 0, 64, 1], None]]]]
[1, 1, [256, 0, [512, 1, 64], [16, 128], [200, 10, 10, 1]], [235, [16, 128], [[[1, 0, (43, -13), (-4, -4), [78, 10, 10, 1], 0, 64, 1], None], [[0, 1, (-44, 15), (5, 3), [127, 64, 10, 1], 0, 64, 1], None]]]]
[1, 1, [256, 0, [512, 1, 64], [16, 128], [200, 10, 10, 1]], [236, [16, 128], [[[1, 0, (38, -17), (-5, -4), [78, 10, 10, 1], 0, 64, 1], None], [[0, 1, (-38, 18), (6, 3), [127, 64, 10, 1], 0, 64, 1], None]]]]
[1, 1, [256, 0, [512, 1, 64], [16, 128], [200, 10, 10, 1]], [237, [16, 128], [[[1, 0, (32, -21), (-6, -4), [78, 10, 10, 1], 0, 64, 1], None], [[0, 1, (-31, 21), (7, 3), [127, 64, 10, 1], 0, 64, 1], None]]]]
[1, 1, [256, 0, [512, 1, 64], [16, 128], [200, 10, 10, 1]], [238, [16, 128], [[[1, 0, (25, -25), (-7, -4), [15, 10, 10, 1], 64, 64, 1], None], [[0, 1, (-23, 24), (8, 3), [127, 64, 10, 1], 54, 64, 1], [[2, (25, -25), 64, 137, 4]]]]]]
[1, 1, [256, 0, [512, 1, 64], [16, 128], [200, 10, 10, 1]], [239, [16, 128], [[[1, 0, (17, -28), (-8, -3), [15, 10, 10, 1], 54, 64, 1], None], [[0, 1, (-15, 26), (8, 2), [127, 64, 10, 1], 44, 64, 1], None]]]]
[1, 1, [256, 0, [512, 1, 64], [16, 128], [200, 10, 10, 1]], [240, [16, 128], [[[1, 0, (9, -30), (-8, -2), [15, 10, 10, 1], 44, 64, 1], None], [[0, 1, (-7, 27), (8, 1), [127, 64, 10, 1], 34, 64, 1], None]]]]
[1, 1, [256, 0, [512, 1, 64], [16, 128], [200, 10, 10, 1]], [241, [16, 128], [[[1, 0, (1, -31), (-8, -1), [15, 10, 10, 1], 34, 64, 1], None], [[0, 1, (1, 27), (8, 0), [127, 64, 10, 1], 24, 64, 1], None]]]]
[1, 1, [256, 0, [512, 1, 64], [16, 128], [200, 10, 10, 1]], [242, [16, 128], [[[1, 0, (-7, -31), (-8, 0), [15, 10, 10, 1], 24, 64, 1], None], [[0, 1, (9, 26), (8, -1), [127, 64, 10, 1], 14, 64, 1], None]]]]
[1, 1, [256, 0, [512, 1, 64], [16, 128], [200, 10, 10, 1]], [243, [16, 128], [[[1, 0, (-15, -30), (-8, 1), [15, 10, 10, 1], 14, 64, 1], None], [[0, 1, (17, 24), (8, -2), [127, 64, 10, 1], 4, 64, 1], None]]]]
[1, 2, [256, 0, [512, 1, 64], [16, 128], [200, 10, 10, 1]], [244, [16, 128], [[[1, 0, (-23, -28), (-8, 2), [0, 0, 0, 0], 64, 64, 1], None], [[0, 1, (25, 21), (8, -3), [127, 64, 10, 1], 58, 64, 1], [[2, (-23, -28), 64, 137, 4]]]]]]
