join: [1, 0, [256, 0, [512, 1, 64], [16, 128], [64, 48, 14, 1]], None]
start: [1, 1, [256, 0, [512, 1, 64], [16, 128], [64, 48, 14, 1]], [0, [16, 128], [[[1, 0, (48, 26), (0, 0), [64, 48, 14, 1], 0, 64, 1], None], [[0, 1, (-48, -26), (0, 0), [100, 10, 10, 1], 0, 64, 1], None]]]]
commands: [1, 1, [256, 0, [512, 1, 64], [16, 128], [64, 48, 14, 1]], [1, [16, 128], [[[1, 0, (47, 26), (-1, 0), [64, 48, 14, 1], 34, 64, 1], [[2, (-48, -26), 48, 0, 4]]], [[0, 1, (-47, -26), (1, 0), [100, 10, 10, 1], 0, 64, 1], None]]]]
commands: [1, 1, [256, 0, [512, 1, 64], [16, 128], [64, 48, 14, 1]], [2, [16, 128], [[[1, 0, (45, 26), (-2, 0), [60, 48, 14, 1], 64, 64, 1], [[2, (-46, -26), 48, 0, 4]]], [[0, 1, (-46, -27), (1, -1), [99, 10, 10, 1], 0, 64, 1], [[0, (1, 1)]]]]]]
commands: [1, 1, [256, 0, [512, 1, 64], [16, 128], [64, 48, 14, 1]], [3, [16, 128], [[[1, 0, (42, 26), (-3, 0), [26, 48, 14, 1], 64, 64, 1], [[2, (-45, -28), 48, 0, 4]]], [[0, 1, (-45, -29), (1, -2), [98, 10, 10, 1], 0, 64, 1], [[0, (1, 1)]]]]]]
commands: [1, 1, [256, 0, [512, 1, 64], [16, 128], [64, 48, 14, 1]], [4, [16, 128], [[[1, 0, (38, 26), (-4, 0), [0, 40, 14, 1], 64, 64, 1], [[2, (-44, -31), 48, 0, 4]]], [[0, 1, (-44, -32), (1, -3), [97, 10, 10, 1], 0, 64, 1], [[0, (1, 1)]]]]]]
commands: [1, 1, [256, 0, [512, 1, 64], [16, 128], [64, 48, 14, 1]], [5, [16, 128], [[[1, 0, (33, 26), (-5, 0), [0, 14, 14, 1], 64, 64, 1], [[2, (-43, -35), 40, 0, 4]]], [[0, 1, (-43, -36), (1, -4), [96, 10, 10, 1], 0, 64, 1], [[0, (1, 1)]]]]]]
commands: [1, 1, [256, 0, [512, 1, 64], [16, 128], [64, 48, 14, 1]], [6, [16, 128], [[[1, 0, (27, 26), (-6, 0), [0, 14, 14, 1], 64, 64, 1], [[2, (-42, -40), 14, 0, 4]]], [[0, 1, (-42, -41), (1, -5), [95, 10, 10, 1], 0, 64, 1], [[0, (1, 1)]]]]]]
commands: [1, 1, [256, 0, [512, 1, 64], [16, 128], [64, 48, 14, 1]], [7, [16, 128], [[[1, 0, (20, 26), (-7, 0), [0, 14, 14, 1], 64, 64, 1], [[2, (-41, -46), 14, 0, 4]]], [[0, 1, (-41, -47), (1, -6), [94, 10, 10, 1], 0, 64, 1], [[0, (1, 1)]]]]]]
commands: [1, 1, [256, 0, [512, 1, 64], [16, 128], [64, 48, 14, 1]], [8, [16, 128], [[[1, 0, (13, 25), (-7, -1), [0, 14, 14, 1], 64, 64, 1], [[2, (-40, -53), 14, 0, 4]]], [[0, 1, (-41, -53), (0, -6), [93, 10, 10, 1], 0, 64, 1], [[0, (1, 1)]]]]]]
commands: [1, 1, [256, 0, [512, 1, 64], [16, 128], [64, 48, 14, 1]], [9, [16, 128], [[[1, 0, (6, 23), (-7, -2), [0, 14, 14, 1], 64, 64, 1], [[2, (-41, -59), 14, 0, 4]]], [[0, 1, (-41, -58), (0, -5), [93, 10, 10, 1], 0, 64, 1], None]]]]
commands: [1, 1, [256, 0, [512, 1, 64], [16, 128], [64, 48, 14, 1]], [10, [16, 128], [[[1, 0, (-1, 20), (-7, -3), [0, 14, 14, 1], 64, 64, 1], [[2, (-41, -63), 14, 0, 4]]], [[0, 1, (-41, -62), (0, -4), [93, 10, 10, 1], 0, 64, 1], None]]]]
commands: [1, 2, [256, 0, [512, 1, 64], [16, 128], [64, 48, 14, 1]], [11, [16, 128], [[[1, 0, (-8, 16), (-7, -4), [0, 0, 0, 0], 64, 64, 1], None], [[0, 1, (-41, -65), (0, -3), [93, 10, 10, 1], 0, 64, 1], None]]]]
