[1, 0, [256, 0, [512, 1, 64], [16, 128], [64, 48, 14, 1]], None]
[1, 1, [256, 0, [512, 1, 64], [16, 128], [64, 48, 14, 1]], [0, [16, 128], [[[1, 0, (48, -9), (0, 0), [64, 48, 14, 1], 0, 64, 1], None], [[0, 1, (-48, 9), (0, 0), [1, 1, 1, 1], 0, 64, 1], None]]]]
[1, 1, [256, 0, [512, 1, 64], [16, 128], [64, 48, 14, 1]], [1, [16, 128], [[[1, 0, (47, -9), (-1, 0), [64, 48, 14, 1], 34, 64, 1], [[2, (-47, 9), 48, 0, 4]]], [[0, 1, (-47, 9), (1, 0), [1, 1, 1, 1], 0, 64, 1], None]]]]
[1, 1, [256, 0, [512, 1, 64], [16, 128], [64, 48, 14, 1]], [2, [16, 128], [[[1, 0, (45, -9), (-2, 0), [60, 48, 14, 1], 64, 64, 1], [[2, (-45, 9), 48, 0, 4]]], [[0, 1, (-45, 9), (2, 0), [1, 1, 1, 1], 0, 64, 1], None]]]]
[1, 1, [256, 0, [512, 1, 64], [16, 128], [64, 48, 14, 1]], [3, [16, 128], [[[1, 0, (42, -9), (-3, 0), [26, 48, 14, 1], 64, 64, 1], [[2, (-42, 9), 48, 0, 4]]], [[0, 1, (-42, 9), (3, 0), [1, 1, 1, 1], 0, 64, 1], None]]]]
[1, 1, [256, 0, [512, 1, 64], [16, 128], [64, 48, 14, 1]], [4, [16, 128], [[[1, 0, (38, -9), (-4, 0), [0, 40, 14, 1], 64, 64, 1], [[2, (-38, 9), 48, 1, 4]]], [[0, 1, (-38, 9), (4, 0), [1, 1, 1, 1], 0, 64, 1], None]]]]
[1, 1, [256, 0, [512, 1, 64], [16, 128], [64, 48, 14, 1]], [5, [16, 128], [[[1, 0, (33, -9), (-5, 0), [0, 14, 14, 1], 64, 64, 1], [[2, (-33, 9), 40, 0, 4]]], [[0, 1, (-33, 9), (5, 0), [1, 1, 1, 1], 0, 64, 1], None]]]]
[1, 1, [256, 0, [512, 1, 64], [16, 128], [64, 48, 14, 1]], [6, [16, 128], [[[1, 0, (27, -9), (-6, 0), [0, 14, 14, 1], 64, 64, 1], [[2, (-27, 9), 14, 0, 4]]], [[0, 1, (-27, 9), (6, 0), [1, 1, 1, 1], 0, 64, 1], None]]]]
[1, 1, [256, 0, [512, 1, 64], [16, 128], [64, 48, 14, 1]], [7, [16, 128], [[[1, 0, (20, -9), (-7, 0), [0, 14, 14, 1], 64, 64, 1], [[2, (-20, 9), 14, 0, 4]]], [[0, 1, (-20, 9), (7, 0), [1, 1, 1, 1], 0, 64, 1], None]]]]
[1, 2, [256, 0, [512, 1, 64], [16, 128], [64, 48, 14, 1]], [8, [16, 128], [[[1, 0, (12, -9), (-8, 0), [0, 0, 0, 0], 64, 64, 1], None], [[0, 1, (-12, 9), (8, 0), [0, 0, 0, 0], 0, 64, 1], None]]]]
