[1, 0, [256, 0, [512, 1, 64], [16, 128], [200, 10, 10, 1]], None]
[1, 1, [256, 0, [512, 1, 64], [16, 128], [200, 10, 10, 1]], [0, [16, 128], [[[1, 0, (39, -48), (0, 0), [200, 10, 10, 1], 0, 64, 1], None], [[0, 1, (-39, 48), (0, 0), [134, 64, 10, 1], 0, 64, 1], None]]]]
[1, 1, [256, 0, [512, 1, 64], [16, 128], [200, 10, 10, 1]], [1, [16, 128], [[[1, 0, (39, -47), (0, 1), [200, 10, 10, 1], 0, 64, 1], None], [[0, 1, (-40, 48), (-1, 0), [133, 64, 10, 1], 0, 64, 1], [[0, (1, -1)]]]]]]
[1, 1, [256, 0, [512, 1, 64], [16, 128], [200, 10, 10, 1]], [2, [16, 128], [[[1, 0, (40, -46), (1, 1), [199, 10, 10, 1], 0, 64, 1], [[0, (-1, 1)]]], [[0, 1, (-42, 48), (-2, 0), [132, 64, 10, 1], 0, 64, 1], [[0, (1, -1)]]]]]]
[1, 1, [256, 0, [512, 1, 64], [16, 128], [200, 10, 10, 1]], [3, [16, 128], [[[1, 0, (42, -45), (2, 1), [198, 10, 10, 1], 0, 64, 1], [[0, (-1, 1)]]], [[0, 1, (-45, 48), (-3, 0), [131, 64, 10, 1], 0, 64, 1], [[0, (1, -1)]]]]]]
[1, 1, [256, 0, [512, 1, 64], [16, 128], [200, 10, 10, 1]], [4, [16, 128], [[[1, 0, (45, -44), (3, 1), [197, 10, 10, 1], 0, 64, 1], [[0, (-1, 1)]]], [[0, 1, (-48, 47), (-3, -1), [131, 64, 10, 1], 0, 64, 1], None]]]]
[1, 1, [256, 0, [512, 1, 64], [16, 128], [200, 10, 10, 1]], [5, [16, 128], [[[1, 0, (48, -44), (3, 0), [196, 10, 10, 1], 0, 64, 1], [[0, (-1, 1)]]], [[0, 1, (-51, 46), (-3, -1), [130, 64, 10, 1], 0, 64, 1], [[0, (1, 0)]]]]]]
[1, 1, [256, 0, [512, 1, 64], [16, 128], [200, 10, 10, 1]], [6, [16, 128], [[[1, 0, (50, -44), (2, 0), [196, 10, 10, 1], 0, 64, 1], None], [[0, 1, (-54, 45), (-3, -1), [129, 64, 10, 1], 0, 64, 1], [[0, (1, 0)]]]]]]
[1, 1, [256, 0, [512, 1, 64], [16, 128], [200, 10, 10, 1]], [7, [16, 128], [[[1, 0, (51, -44), (1, 0), [196, 10, 10, 1], 0, 64, 1], None], [[0, 1, (-57, 44), (-3, -1), [128, 64, 10, 1], 0, 64, 1], [[0, (1, 0)]]]]]]
[1, 1, [256, 0, [512, 1, 64], [16, 128], [200, 10, 10, 1]], [8, [16, 128], [[[1, 0, (51, -44), (0, 0), [196, 10, 10, 1], 0, 64, 1], None], [[0, 1, (-59, 43), (-2, -1), [128, 64, 10, 1], 0, 64, 1], None]]]]
[1, 1, [256, 0, [512, 1, 64], [16, 128], [200, 10, 10, 1]], [9, [16, 128], [[[1, 0, (50, -44), (-1, 0), [196, 10, 10, 1], 0, 64, 1], None], [[0, 1, (-61, 42), (-2, -1), [127, 64, 10, 1], 0, 64, 1], [[0, (1, 0)]]]]]]
[1, 1, [256, 0, [512, 1, 64], [16, 128], [200, 10, 10, 1]], [10, [16, 128], [[[1, 0, (48, -44), (-2, 0), [196, 10, 10, 1], 0, 64, 1], None], [[0, 1, (-62, 41), (-1, -1), [127, 64, 10, 1], 0, 64, 1], None]]]]
[1, 1, [256, 0, [512, 1, 64], [16, 128], [200, 10, 10, 1]], [11, [16, 128], [[[1, 0, (45, -44), (-3, 0), [196, 10, 10, 1], 0, 64, 1], None], [[0, 1, (-63, 41), (-1, 0), [126, 64, 10, 1], 0, 64, 1], [[0, (1, -1)]]]]]]
[1, 1, [256, 0, [512, 1, 64], [16, 128], [200, 10, 10, 1]], [12, [16, 128], [[[1, 0, (42, -45), (-3, -1), [195, 10, 10, 1], 0, 64, 1], [[0, (-1, 1)]]], [[0, 1, (-63, 41), (0, 0), [126, 64, 10, 1], 0, 64, 1], None]]]]
[1, 1, [256, 0, [512, 1, 64], [16, 128], [200, 10, 10, 1]], [13, [16, 128], [[[1, 0, (40, -46), (-2, -1), [194, 10, 10, 1], 0, 64, 1], [[0, (-1, 1)]]], [[0, 1, (-63, 42), (0, 1), [125, 64, 10, 1], 0, 64, 1], [[0, (1, -1)]]]]]]
[1, 1, [256, 0, [512, 1, 64], [16, 128], [200, 10, 10, 1]], [14, [16, 128], [[[1, 0, (39, -47), (-1, -1), [193, 10, 10, 1], 0, 64, 1], [[0, (-1, 1)]]], [[0, 1, (-62, 43), (1, 1), [125, 64, 10, 1], 0, 64, 1], None]]]]
[1, 1, [256, 0, [512, 1, 64], [16, 128], [200, 10, 10, 1]], [15, [16, 128], [[[1, 0, (39, -48), (0, -1), [192, 10, 10, 1], 0, 64, 1], [[0, (-1, 1)]]], [[0, 1, (-61, 45), (1, 2), [124, 64, 10, 1], 0, 64, 1], [[0, (1, -1)]]]]]]
[1, 1, [256, 0, [512, 1, 64], [16, 128], [200, 10, 10, 1]], [16, [16, 128], [[[1, 0, (39, -48), (0, 0), [192, 10, 10, 1], 0, 64, 1], None], [[0, 1, (-59, 48), (2, 3), [123, 64, 10, 1], 0, 64, 1], [[0, (0, -1)]]]]]]
[1, 1, [256, 0, [512, 1, 64], [16, 128], [200, 10, 10, 1]], [17, [16, 128], [[[1, 0, (39, -47), (0, 1), [192, 10, 10, 1], 0, 64, 1], None], [[0, 1, (-55, 52), (4, 4), [122, 64, 10, 1], 0, 64, 1], [[0, (-1, -1)]]]]]]
[1, 1, [256, 0, [512, 1, 64], [16, 128], [200, 10, 10, 1]], [18, [16, 128], [[[1, 0, (40, -46), (1, 1), [191, 10, 10, 1], 0, 64, 1], [[0, (-1, 1)]]], [[0, 1, (-50, 56), (5, 4), [122, 64, 10, 1], 0, 64, 1], None]]]]
[1, 1, [256, 0, [512, 1, 64], [16, 128], [200, 10, 10, 1]], [19, [16, 128], [[[1, 0, (42, -45), (2, 1), [190, 10, 10, 1], 0, 64, 1], [[0, (-1, 1)]]], [[0, 1, (-45, 59), (5, 3), [122, 64, 10, 1], 0, 64, 1], None]]]]
[1, 1, [256, 0, [512, 1, 64], [16, 128], [200, 10, 10, 1]], [20, [16, 128], [[[1, 0, (45, -44), (3, 1), [189, 10, 10, 1], 0, 64, 1], [[0, (-1, 1)]]], [[0, 1, (-40, 61), (5, 2), [122, 64, 10, 1], 0, 64, 1], None]]]]
[1, 1, [256, 0, [512, 1, 64], [16, 128], [200, 10, 10, 1]], [21, [16, 128], [[[1, 0, (48, -44), (3, 0), [188, 10, 10, 1], 0, 64, 1], [[0, (-1, 1)]]], [[0, 1, (-35, 62), (5, 1), [122, 64, 10, 1], 0, 64, 1], None]]]]
[1, 1, [256, 0, [512, 1, 64], [16, 128], [200, 10, 10, 1]], [22, [16, 128], [[[1, 0, (50, -44), (2, 0), [188, 10, 10, 1], 0, 64, 1], None], [[0, 1, (-30, 62), (5, 0), [122, 64, 10, 1], 0, 64, 1], None]]]]
[1, 1, [256, 0, [512, 1, 64], [16, 128], [200, 10, 10, 1]], [23, [16, 128], [[[1, 0, (51, -44), (1, 0), [188, 10, 10, 1], 0, 64, 1], None], [[0, 1, (-24, 62), (6, 0), [121, 64, 10, 1], 0, 64, 1], [[0, (-1, -1)]]]]]]
[1, 1, [256, 0, [512, 1, 64], [16, 128], [200, 10, 10, 1]], [24, [16, 128], [[[1, 0, (51, -44), (0, 0), [188, 10, 10, 1], 0, 64, 1], None], [[0, 1, (-18, 61), (6, -1), [121, 64, 10, 1], 0, 64, 1], None]]]]
[1, 1, [256, 0, [512, 1, 64], [16, 128], [200, 10, 10, 1]], [25, [16, 128], [[[1, 0, (50, -44), (-1, 0), [188, 10, 10, 1], 0, 64, 1], None], [[0, 1, (-12, 59), (6, -2), [121, 64, 10, 1], 0, 64, 1], None]]]]
[1, 1, [256, 0, [512, 1, 64], [16, 128], [200, 10, 10, 1]], [26, [16, 128], [[[1, 0, (48, -44), (-2, 0), [188, 10, 10, 1], 0, 64, 1], None], [[0, 1, (-6, 56), (6, -3), [121, 64, 10, 1], 0, 64, 1], None]]]]
[1, 1, [256, 0, [512, 1, 64], [16, 128], [200, 10, 10, 1]], [27, [16, 128], [[[1, 0, (45, -44), (-3, 0), [188, 10, 10, 1], 0, 64, 1], None], [[0, 1, (0, 52), (6, -4), [121, 64, 10, 1], 54, 64, 1], [[2, (45, -44), 64, 0, 4]]]]]]
[1, 1, [256, 0, [512, 1, 64], [16, 128], [200, 10, 10, 1]], [28, [16, 128], [[[1, 0, (42, -45), (-3, -1), [187, 10, 10, 1], 0, 64, 1], [[0, (-1, 1)]]], [[0, 1, (6, 48), (6, -4), [120, 64, 10, 1], 52, 64, 1], [[0, (0, -1)]]]]]]
[1, 1, [256, 0, [512, 1, 64], [16, 128], [200, 10, 10, 1]], [29, [16, 128], [[[1, 0, (40, -46), (-2, -1), [186, 10, 10, 1], 0, 64, 1], [[0, (-1, 1)]]], [[0, 1, (12, 43), (6, -5), [120, 64, 10, 1], 42, 64, 1], None]]]]
[1, 1, [256, 0, [512, 1, 64], [16, 128], [200, 10, 10, 1]], [30, [16, 128], [[[1, 0, (39, -47), (-1, -1), [185, 10, 10, 1], 0, 64, 1], [[0, (-1, 1)]]], [[0, 1, (18, 37), (6, -6), [120, 64, 10, 1], 32, 64, 1], None]]]]
[1, 1, [256, 0, [512, 1, 64], [16, 128], [200, 10, 10, 1]], [31, [16, 128], [[[1, 0, (39, -48), (0, -1), [184, 10, 10, 1], 0, 64, 1], [[0, (-1, 1)]]], [[0, 1, (23, 31), (5, -6), [119, 64, 10, 1], 30, 64, 1], [[0, (1, -1)]]]]]]
[1, 1, [256, 0, [512, 1, 64], [16, 128], [200, 10, 10, 1]], [32, [16, 128], [[[1, 0, (39, -48), (0, 0), [184, 10, 10, 1], 0, 64, 1], None], [[0, 1, (28, 24), (5, -7), [119, 64, 10, 1], 20, 64, 1], None]]]]
[1, 1, [256, 0, [512, 1, 64], [16, 128], [200, 10, 10, 1]], [33, [16, 128], [[[1, 0, (39, -47), (0, 1), [184, 10, 10, 1], 0, 64, 1], None], [[0, 1, (32, 17), (4, -7), [119, 64, 10, 1], 10, 64, 1], None]]]]
[1, 1, [256, 0, [512, 1, 64], [16, 128], [200, 10, 10, 1]], [34, [16, 128], [[[1, 0, (40, -46), (1, 1), [183, 10, 10, 1], 0, 64, 1], [[0, (-1, 1)]]], [[0, 1, (35, 10), (3, -7), [119, 64, 10, 1], 0, 64, 1], None]]]]
[1, 1, [256, 0, [512, 1, 64], [16, 128], [200, 10, 10, 1]], [35, [16, 128], [[[1, 0, (42, -45), (2, 1), [182, 10, 10, 1], 26, 64, 1], [[0, (-1, 1)]]], [[0, 1, (37, 3), (2, -7), [119, 64, 10, 1], 54, 64, 1], [[2, (41, -44), 64, 114, 4]]]]]]
[1, 1, [256, 0, [512, 1, 64], [16, 128], [200, 10, 10, 1]], [36, [16, 128], [[[1, 0, (45, -44), (3, 1), [181, 10, 10, 1], 24, 64, 1], [[0, (-1, 1)]]], [[0, 1, (38, -4), (1, -7), [119, 64, 10, 1], 44, 64, 1], None]]]]
[1, 1, [256, 0, [512, 1, 64], [16, 128], [200, 10, 10, 1]], [37, [16, 128], [[[1, 0, (48, -44), (3, 0), [180, 10, 10, 1], 22, 64, 1], [[0, (-1, 1)]]], [[0, 1, (38, -11), (0, -7), [119, 64, 10, 1], 34, 64, 1], None]]]]
[1, 1, [256, 0, [512, 1, 64], [16, 128], [200, 10, 10, 1]], [38, [16, 128], [[[1, 0, (50, -44), (2, 0), [180, 10, 10, 1], 12, 64, 1], None], [[0, 1, (37, -18), (-1, -7), [119, 64, 10, 1], 24, 64, 1], None]]]]
[1, 1, [256, 0, [512, 1, 64], [16, 128], [200, 10, 10, 1]], [39, [16, 128], [[[1, 0, (51, -44), (1, 0), [180, 10, 10, 1], 2, 64, 1], None], [[0, 1, (35, -25), (-2, -7), [119, 64, 10, 1], 14, 64, 1], None]]]]
[1, 1, [256, 0, [512, 1, 64], [16, 128], [200, 10, 10, 1]], [40, [16, 128], [[[1, 0, (51, -44), (0, 0), [180, 10, 10, 1], 0, 64, 1], None], [[0, 1, (32, -32), (-3, -7), [119, 64, 10, 1], 4, 64, 1], None]]]]
[1, 1, [256, 0, [512, 1, 64], [16, 128], [200, 10, 10, 1]], [41, [16, 128], [[[1, 0, (50, -44), (-1, 0), [180, 10, 10, 1], 57, 64, 1], None], [[0, 1, (28, -38), (-4, -6), [119, 64, 10, 1], 58, 64, 1], [[2, (50, -44), 64, 67, 4]]]]]]
[1, 1, [256, 0, [512, 1, 64], [16, 128], [200, 10, 10, 1]], [42, [16, 128], [[[1, 0, (48, -44), (-2, 0), [180, 10, 10, 1], 47, 64, 1], None], [[0, 1, (24, -43), (-4, -5), [119, 64, 10, 1], 48, 64, 1], None]]]]
[1, 1, [256, 0, [512, 1, 64], [16, 128], [200, 10, 10, 1]], [43, [16, 128], [[[1, 0, (45, -44), (-3, 0), [180, 10, 10, 1], 37, 64, 1], None], [[0, 1, (20, -47), (-4, -4), [119, 64, 10, 1], 38, 64, 1], None]]]]
[1, 1, [256, 0, [512, 1, 64], [16, 128], [200, 10, 10, 1]], [44, [16, 128], [[[1, 0, (42, -45), (-3, -1), [179, 10, 10, 1], 35, 64, 1], [[0, (-1, 1)]]], [[0, 1, (16, -50), (-4, -3), [119, 64, 10, 1], 28, 64, 1], None]]]]
[1, 1, [256, 0, [512, 1, 64], [16, 128], [200, 10, 10, 1]], [45, [16, 128], [[[1, 0, (40, -46), (-2, -1), [178, 10, 10, 1], 33, 64, 1], [[0, (-1, 1)]]], [[0, 1, (12, -52), (-4, -2), [119, 64, 10, 1], 18, 64, 1], None]]]]
[1, 1, [256, 0, [512, 1, 64], [16, 128], [200, 10, 10, 1]], [46, [16, 128], [[[1, 0, (39, -47), (-1, -1), [177, 10, 10, 1], 31, 64, 1], [[0, (-1, 1)]]], [[0, 1, (8, -53), (-4, -1), [119, 64, 10, 1], 8, 64, 1], None]]]]
[1, 1, [256, 0, [512, 1, 64], [16, 128], [200, 10, 10, 1]], [47, [16, 128], [[[1, 0, (39, -48), (0, -1), [176, 10, 10, 1], 52, 64, 1], [[0, (-1, 1)]]], [[0, 1, (4, -53), (-4, 0), [119, 64, 10, 1], 62, 64, 1], [[2, (38, -47), 64, 92, 4]]]]]]
[1, 1, [256, 0, [512, 1, 64], [16, 128], [200, 10, 10, 1]], [48, [16, 128], [[[1, 0, (39, -48), (0, 0), [176, 10, 10, 1], 42, 64, 1], None], [[0, 1, (0, -52), (-4, 1), [119, 64, 10, 1], 52, 64, 1], None]]]]
[1, 1, [256, 0, [512, 1, 64], [16, 128], [200, 10, 10, 1]], [49, [16, 128], [[[1, 0, (39, -47), (0, 1), [176, 10, 10, 1], 32, 64, 1], None], [[0, 1, (-4, -50), (-4, 2), [119, 64, 10, 1], 42, 64, 1], None]]]]
[1, 1, [256, 0, [512, 1, 64], [16, 128], [200, 10, 10, 1]], [50, [16, 128], [[[1, 0, (40, -46), (1, 1), [175, 10, 10, 1], 30, 64, 1], [[0, (-1, 1)]]], [[0, 1, (-8, -47), (-4, 3), [119, 64, 10, 1], 32, 64, 1], None]]]]
[1, 1, [256, 0, [512, 1, 64], [16, 128], [200, 10, 10, 1]], [51, [16, 128], [[[1, 0, (42, -45), (2, 1), [174, 10, 10, 1], 28, 64, 1], [[0, (-1, 1)]]], [[0, 1, (-12, -43), (-4, 4), [119, 64, 10, 1], 22, 64, 1], None]]]]
[1, 1, [256, 0, [512, 1, 64], [16, 128], [200, 10, 10, 1]], [52, [16, 128], [[[1, 0, (45, -44), (3, 1), [173, 10, 10, 1], 26, 64, 1], [[0, (-1, 1)]]], [[0, 1, (-16, -38), (-4, 5), [119, 64, 10, 1], 12, 64, 1], None]]]]
[1, 1, [256, 0, [512, 1, 64], [16, 128], [200, 10, 10, 1]], [53, [16, 128], [[[1, 0, (48, -44), (3, 0), [172, 10, 10, 1], 24, 64, 1], [[0, (-1, 1)]]], [[0, 1, (-20, -32), (-4, 6), [119, 64, 10, 1], 2, 64, 1], None]]]]
[1, 1, [256, 0, [512, 1, 64], [16, 128], [200, 10, 10, 1]], [54, [16, 128], [[[1, 0, (50, -44), (2, 0), [172, 10, 10, 1], 35, 64, 1], None], [[0, 1, (-24, -25), (-4, 7), [119, 64, 10, 1], 56, 64, 1], [[2, (50, -44), 64, 21, 4]]]]]]
[1, 1, [256, 0, [512, 1, 64], [16, 128], [200, 10, 10, 1]], [55, [16, 128], [[[1, 0, (51, -44), (1, 0), [172, 10, 10, 1], 25, 64, 1], None], [[0, 1, (-28, -17), (-4, 8), [119, 64, 10, 1], 46, 64, 1], None]]]]
[1, 1, [256, 0, [512, 1, 64], [16, 128], [200, 10, 10, 1]], [56, [16, 128], [[[1, 0, (51, -44), (0, 0), [172, 10, 10, 1], 15, 64, 1], None], [[0, 1, (-31, -9), (-3, 8), [119, 64, 10, 1], 36, 64, 1], None]]]]
[1, 1, [256, 0, [512, 1, 64], [16, 128], [200, 10, 10, 1]], [57, [16, 128], [[[1, 0, (50, -44), (-1, 0), [172, 10, 10, 1], 5, 64, 1], None], [[0, 1, (-33, -1), (-2, 8), [119, 64, 10, 1], 26, 64, 1], None]]]]
[1, 1, [256, 0, [512, 1, 64], [16, 128], [200, 10, 10, 1]], [58, [16, 128], [[[1, 0, (48, -44), (-2, 0), [172, 10, 10, 1], 0, 64, 1], None], [[0, 1, (-34, 7), (-1, 8), [119, 64, 10, 1], 16, 64, 1], None]]]]
[1, 1, [256, 0, [512, 1, 64], [16, 128], [200, 10, 10, 1]], [59, [16, 128], [[[1, 0, (45, -44), (-3, 0), [172, 10, 10, 1], 0, 64, 1], None], [[0, 1, (-34, 15), (0, 8), [119, 64, 10, 1], 6, 64, 1], None]]]]
[1, 1, [256, 0, [512, 1, 64], [16, 128], [200, 10, 10, 1]], [60, [16, 128], [[[1, 0, (42, -45), (-3, -1), [171, 10, 10, 1], 18, 64, 1], [[0, (-1, 1)]]], [[0, 1, (-33, 23), (1, 8), [119, 64, 10, 1], 60, 64, 1], [[2, (41, -44), 64, 83, 4]]]]]]
[1, 1, [256, 0, [512, 1, 64], [16, 128], [200, 10, 10, 1]], [61, [16, 128], [[[1, 0, (40, -46), (-2, -1), [170, 10, 10, 1], 16, 64, 1], [[0, (-1, 1)]]], [[0, 1, (-31, 31), (2, 8), [119, 64, 10, 1], 50, 64, 1], None]]]]
[1, 1, [256, 0, [512, 1, 64], [16, 128], [200, 10, 10, 1]], [62, [16, 128], [[[1, 0, (39, -47), (-1, -1), [169, 10, 10, 1], 14, 64, 1], [[0, (-1, 1)]]], [[0, 1, (-28, 38), (3, 7), [119, 64, 10, 1], 40, 64, 1], None]]]]
[1, 1, [256, 0, [512, 1, 64], [16, 128], [200, 10, 10, 1]], [63, [16, 128], [[[1, 0, (39, -48), (0, -1), [168, 10, 10, 1], 12, 64, 1], [[0, (-1, 1)]]], [[0, 1, (-25, 44), (3, 6), [119, 64, 10, 1], 30, 64, 1], None]]]]
[1, 1, [256, 0, [512, 1, 64], [16, 128], [200, 10, 10, 1]], [64, [16, 128], [[[1, 0, (39, -48), (0, 0), [168, 10, 10, 1], 2, 64, 1], None], [[0, 1, (-22, 49), (3, 5), [119, 64, 10, 1], 20, 64, 1], None]]]]
[1, 1, [256, 0, [512, 1, 64], [16, 128], [200, 10, 10, 1]], [65, [16, 128], [[[1, 0, (39, -47), (0, 1), [168, 10, 10, 1], 0, 64, 1], None], [[0, 1, (-19, 53), (3, 4), [119, 64, 10, 1], 10, 64, 1], None]]]]
[1, 1, [256, 0, [512, 1, 64], [16, 128], [200, 10, 10, 1]], [66, [16, 128], [[[1, 0, (40, -46), (1, 1), [167, 10, 10, 1], 0, 64, 1], [[0, (-1, 1)]]], [[0, 1, (-16, 56), (3, 3), [119, 64, 10, 1], 0, 64, 1], None]]]]
[1, 1, [256, 0, [512, 1, 64], [16, 128], [200, 10, 10, 1]], [67, [16, 128], [[[1, 0, (42, -45), (2, 1), [166, 10, 10, 1], 0, 64, 1], [[0, (-1, 1)]]], [[0, 1, (-13, 58), (3, 2), [119, 64, 10, 1], 0, 64, 1], None]]]]
[1, 1, [256, 0, [512, 1, 64], [16, 128], [200, 10, 10, 1]], [68, [16, 128], [[[1, 0, (45, -44), (3, 1), [165, 10, 10, 1], 0, 64, 1], [[0, (-1, 1)]]], [[0, 1, (-10, 59), (3, 1), [119, 64, 10, 1], 0, 64, 1], None]]]]
[1, 1, [256, 0, [512, 1, 64], [16, 128], [200, 10, 10, 1]], [69, [16, 128], [[[1, 0, (48, -44), (3, 0), [164, 10, 10, 1], 0, 64, 1], [[0, (-1, 1)]]], [[0, 1, (-7, 59), (3, 0), [119, 64, 10, 1], 0, 64, 1], None]]]]
[1, 1, [256, 0, [512, 1, 64], [16, 128], [200, 10, 10, 1]], [70, [16, 128], [[[1, 0, (50, -44), (2, 0), [164, 10, 10, 1], 0, 64, 1], None], [[0, 1, (-4, 58), (3, -1), [119, 64, 10, 1], 0, 64, 1], None]]]]
[1, 1, [256, 0, [512, 1, 64], [16, 128], [200, 10, 10, 1]], [71, [16, 128], [[[1, 0, (51, -44), (1, 0), [164, 10, 10, 1], 0, 64, 1], None], [[0, 1, (-1, 56), (3, -2), [119, 64, 10, 1], 0, 64, 1], None]]]]
[1, 1, [256, 0, [512, 1, 64], [16, 128], [200, 10, 10, 1]], [72, [16, 128], [[[1, 0, (51, -44), (0, 0), [164, 10, 10, 1], 0, 64, 1], None], [[0, 1, (2, 53), (3, -3), [119, 64, 10, 1], 54, 64, 1], [[2, (51, -44), 64, 0, 4]]]]]]
[1, 1, [256, 0, [512, 1, 64], [16, 128], [200, 10, 10, 1]], [73, [16, 128], [[[1, 0, (50, -44), (-1, 0), [164, 10, 10, 1], 0, 64, 1], None], [[0, 1, (5, 49), (3, -4), [119, 64, 10, 1], 44, 64, 1], None]]]]
[1, 1, [256, 0, [512, 1, 64], [16, 128], [200, 10, 10, 1]], [74, [16, 128], [[[1, 0, (48, -44), (-2, 0), [164, 10, 10, 1], 0, 64, 1], None], [[0, 1, (8, 44), (3, -5), [119, 64, 10, 1], 34, 64, 1], None]]]]
[1, 1, [256, 0, [512, 1, 64], [16, 128], [200, 10, 10, 1]], [75, [16, 128], [[[1, 0, (45, -44), (-3, 0), [164, 10, 10, 1], 0, 64, 1], None], [[0, 1, (11, 38), (3, -6), [119, 64, 10, 1], 24, 64, 1], None]]]]
[1, 1, [256, 0, [512, 1, 64], [16, 128], [200, 10, 10, 1]], [76, [16, 128], [[[1, 0, (42, -45), (-3, -1), [163, 10, 10, 1], 0, 64, 1], [[0, (-1, 1)]]], [[0, 1, (14, 31), (3, -7), [119, 64, 10, 1], 14, 64, 1], None]]]]
[1, 1, [256, 0, [512, 1, 64], [16, 128], [200, 10, 10, 1]], [77, [16, 128], [[[1, 0, (40, -46), (-2, -1), [162, 10, 10, 1], 0, 64, 1], [[0, (-1, 1)]]], [[0, 1, (17, 23), (3, -8), [119, 64, 10, 1], 4, 64, 1], None]]]]
[1, 1, [256, 0, [512, 1, 64], [16, 128], [200, 10, 10, 1]], [78, [16, 128], [[[1, 0, (39, -47), (-1, -1), [161, 10, 10, 1], 2, 64, 1], [[0, (-1, 1)]]], [[0, 1, (20, 14), (3, -9), [119, 64, 10, 1], 58, 64, 1], [[2, (38, -46), 64, 18, 4]]]]]]
[1, 1, [256, 0, [512, 1, 64], [16, 128], [200, 10, 10, 1]], [79, [16, 128], [[[1, 0, (39, -48), (0, -1), [160, 10, 10, 1], 0, 64, 1], [[0, (-1, 1)]]], [[0, 1, (22, 5), (2, -9), [119, 64, 10, 1], 48, 64, 1], None]]]]
[1, 1, [256, 0, [512, 1, 64], [16, 128], [200, 10, 10, 1]], [80, [16, 128], [[[1, 0, (39, -48), (0, 0), [160, 10, 10, 1], 0, 64, 1], None], [[0, 1, (23, -4), (1, -9), [119, 64, 10, 1], 38, 64, 1], None]]]]
[1, 1, [256, 0, [512, 1, 64], [16, 128], [200, 10, 10, 1]], [81, [16, 128], [[[1, 0, (39, -47), (0, 1), [160, 10, 10, 1], 0, 64, 1], None], [[0, 1, (23, -13), (0, -9), [119, 64, 10, 1], 28, 64, 1], None]]]]
[1, 1, [256, 0, [512, 1, 64], [16, 128], [200, 10, 10, 1]], [82, [16, 128], [[[1, 0, (40, -46), (1, 1), [159, 10, 10, 1], 0, 64, 1], [[0, (-1, 1)]]], [[0, 1, (22, -22), (-1, -9), [119, 64, 10, 1], 18, 64, 1], None]]]]
[1, 1, [256, 0, [512, 1, 64], [16, 128], [200, 10, 10, 1]], [83, [16, 128], [[[1, 0, (42, -45), (2, 1), [158, 10, 10, 1], 0, 64, 1], [[0, (-1, 1)]]], [[0, 1, (20, -30), (-2, -8), [119, 64, 10, 1], 8, 64, 1], None]]]]
[1, 1, [256, 0, [512, 1, 64], [16, 128], [200, 10, 10, 1]], [84, [16, 128], [[[1, 0, (45, -44), (3, 1), [157, 10, 10, 1], 17, 64, 1], [[0, (-1, 1)]]], [[0, 1, (18, -37), (-2, -7), [119, 64, 10, 1], 62, 64, 1], [[2, (44, -43), 64, 79, 4]]]]]]
[1, 1, [256, 0, [512, 1, 64], [16, 128], [200, 10, 10, 1]], [85, [16, 128], [[[1, 0, (48, -44), (3, 0), [156, 10, 10, 1], 15, 64, 1], [[0, (-1, 1)]]], [[0, 1, (16, -43), (-2, -6), [119, 64, 10, 1], 52, 64, 1], None]]]]
[1, 1, [256, 0, [512, 1, 64], [16, 128], [200, 10, 10, 1]], [86, [16, 128], [[[1, 0, (50, -44), (2, 0), [156, 10, 10, 1], 5, 64, 1], None], [[0, 1, (14, -48), (-2, -5), [119, 64, 10, 1], 42, 64, 1], None]]]]
[1, 1, [256, 0, [512, 1, 64], [16, 128], [200, 10, 10, 1]], [87, [16, 128], [[[1, 0, (51, -44), (1, 0), [156, 10, 10, 1], 0, 64, 1], None], [[0, 1, (12, -53), (-2, -5), [118, 64, 10, 1], 40, 64, 1], [[0, (0, 1)]]]]]]
[1, 1, [256, 0, [512, 1, 64], [16, 128], [200, 10, 10, 1]], [88, [16, 128], [[[1, 0, (51, -44), (0, 0), [156, 10, 10, 1], 0, 64, 1], None], [[0, 1, (10, -57), (-2, -4), [118, 64, 10, 1], 30, 64, 1], None]]]]
[1, 1, [256, 0, [512, 1, 64], [16, 128], [200, 10, 10, 1]], [89, [16, 128], [[[1, 0, (50, -44), (-1, 0), [156, 10, 10, 1], 0, 64, 1], None], [[0, 1, (8, -61), (-2, -4), [117, 64, 10, 1], 28, 64, 1], [[0, (0, 1)]]]]]]
[1, 1, [256, 0, [512, 1, 64], [16, 128], [200, 10, 10, 1]], [90, [16, 128], [[[1, 0, (48, -44), (-2, 0), [156, 10, 10, 1], 0, 64, 1], None], [[0, 1, (6, -64), (-2, -3), [117, 64, 10, 1], 18, 64, 1], None]]]]
[1, 1, [256, 0, [512, 1, 64], [16, 128], [200, 10, 10, 1]], [91, [16, 128], [[[1, 0, (45, -44), (-3, 0), [156, 10, 10, 1], 0, 64, 1], None], [[0, 1, (4, -66), (-2, -2), [117, 64, 10, 1], 8, 64, 1], None]]]]
[1, 1, [256, 0, [512, 1, 64], [16, 128], [200, 10, 10, 1]], [92, [16, 128], [[[1, 0, (42, -45), (-3, -1), [155, 10, 10, 1], 0, 64, 1], [[0, (-1, 1)]]], [[0, 1, (2, -67), (-2, -1), [117, 64, 10, 1], 62, 64, 1], [[2, (41, -44), 64, 0, 4]]]]]]
[1, 1, [256, 0, [512, 1, 64], [16, 128], [200, 10, 10, 1]], [93, [16, 128], [[[1, 0, (40, -46), (-2, -1), [154, 10, 10, 1], 0, 64, 1], [[0, (-1, 1)]]], [[0, 1, (0, -67), (-2, 0), [117, 64, 10, 1], 52, 64, 1], None]]]]
[1, 1, [256, 0, [512, 1, 64], [16, 128], [200, 10, 10, 1]], [94, [16, 128], [[[1, 0, (39, -47), (-1, -1), [153, 10, 10, 1], 0, 64, 1], [[0, (-1, 1)]]], [[0, 1, (-2, -66), (-2, 1), [117, 64, 10, 1], 42, 64, 1], None]]]]
[1, 1, [256, 0, [512, 1, 64], [16, 128], [200, 10, 10, 1]], [95, [16, 128], [[[1, 0, (39, -48), (0, -1), [152, 10, 10, 1], 0, 64, 1], [[0, (-1, 1)]]], [[0, 1, (-4, -64), (-2, 2), [117, 64, 10, 1], 32, 64, 1], None]]]]
[1, 1, [256, 0, [512, 1, 64], [16, 128], [200, 10, 10, 1]], [96, [16, 128], [[[1, 0, (39, -48), (0, 0), [152, 10, 10, 1], 0, 64, 1], None], [[0, 1, (-6, -61), (-2, 3), [117, 64, 10, 1], 22, 64, 1], None]]]]
[1, 1, [256, 0, [512, 1, 64], [16, 128], [200, 10, 10, 1]], [97, [16, 128], [[[1, 0, (39, -47), (0, 1), [152, 10, 10, 1], 0, 64, 1], None], [[0, 1, (-8, -57), (-2, 4), [117, 64, 10, 1], 12, 64, 1], None]]]]
[1, 1, [256, 0, [512, 1, 64], [16, 128], [200, 10, 10, 1]], [98, [16, 128], [[[1, 0, (40, -46), (1, 1), [151, 10, 10, 1], 0, 64, 1], [[0, (-1, 1)]]], [[0, 1, (-11, -52), (-3, 5), [116, 64, 10, 1], 10, 64, 1], [[0, (1, 0)]]]]]]
[1, 1, [256, 0, [512, 1, 64], [16, 128], [200, 10, 10, 1]], [99, [16, 128], [[[1, 0, (42, -45), (2, 1), [150, 10, 10, 1], 0, 64, 1], [[0, (-1, 1)]]], [[0, 1, (-14, -46), (-3, 6), [116, 64, 10, 1], 0, 64, 1], None]]]]
[1, 1, [256, 0, [512, 1, 64], [16, 128], [200, 10, 10, 1]], [100, [16, 128], [[[1, 0, (45, -44), (3, 1), [149, 10, 10, 1], 24, 64, 1], [[0, (-1, 1)]]], [[0, 1, (-17, -39), (-3, 7), [116, 64, 10, 1], 54, 64, 1], [[2, (44, -43), 64, 107, 4]]]]]]
[1, 1, [256, 0, [512, 1, 64], [16, 128], [200, 10, 10, 1]], [101, [16, 128], [[[1, 0, (48, -44), (3, 0), [148, 10, 10, 1], 22, 64, 1], [[0, (-1, 1)]]], [[0, 1, (-20, -31), (-3, 8), [116, 64, 10, 1], 44, 64, 1], None]]]]
[1, 1, [256, 0, [512, 1, 64], [16, 128], [200, 10, 10, 1]], [102, [16, 128], [[[1, 0, (50, -44), (2, 0), [148, 10, 10, 1], 12, 64, 1], None], [[0, 1, (-23, -22), (-3, 9), [116, 64, 10, 1], 34, 64, 1], None]]]]
[1, 1, [256, 0, [512, 1, 64], [16, 128], [200, 10, 10, 1]], [103, [16, 128], [[[1, 0, (51, -44), (1, 0), [148, 10, 10, 1], 2, 64, 1], None], [[0, 1, (-25, -13), (-2, 9), [116, 64, 10, 1], 24, 64, 1], None]]]]
[1, 1, [256, 0, [512, 1, 64], [16, 128], [200, 10, 10, 1]], [104, [16, 128], [[[1, 0, (51, -44), (0, 0), [148, 10, 10, 1], 0, 64, 1], None], [[0, 1, (-26, -4), (-1, 9), [116, 64, 10, 1], 14, 64, 1], None]]]]
[1, 1, [256, 0, [512, 1, 64], [16, 128], [200, 10, 10, 1]], [105, [16, 128], [[[1, 0, (50, -44), (-1, 0), [148, 10, 10, 1], 0, 64, 1], None], [[0, 1, (-26, 5), (0, 9), [116, 64, 10, 1], 4, 64, 1], None]]]]
[1, 1, [256, 0, [512, 1, 64], [16, 128], [200, 10, 10, 1]], [106, [16, 128], [[[1, 0, (48, -44), (-2, 0), [148, 10, 10, 1], 32, 64, 1], None], [[0, 1, (-25, 14), (1, 9), [116, 64, 10, 1], 58, 64, 1], [[2, (48, -44), 64, 42, 4]]]]]]
[1, 1, [256, 0, [512, 1, 64], [16, 128], [200, 10, 10, 1]], [107, [16, 128], [[[1, 0, (45, -44), (-3, 0), [148, 10, 10, 1], 22, 64, 1], None], [[0, 1, (-23, 23), (2, 9), [116, 64, 10, 1], 48, 64, 1], None]]]]
[1, 1, [256, 0, [512, 1, 64], [16, 128], [200, 10, 10, 1]], [108, [16, 128], [[[1, 0, (42, -45), (-3, -1), [147, 10, 10, 1], 20, 64, 1], [[0, (-1, 1)]]], [[0, 1, (-20, 31), (3, 8), [116, 64, 10, 1], 38, 64, 1], None]]]]
[1, 1, [256, 0, [512, 1, 64], [16, 128], [200, 10, 10, 1]], [109, [16, 128], [[[1, 0, (40, -46), (-2, -1), [146, 10, 10, 1], 18, 64, 1], [[0, (-1, 1)]]], [[0, 1, (-17, 38), (3, 7), [116, 64, 10, 1], 28, 64, 1], None]]]]
[1, 1, [256, 0, [512, 1, 64], [16, 128], [200, 10, 10, 1]], [110, [16, 128], [[[1, 0, (39, -47), (-1, -1), [145, 10, 10, 1], 16, 64, 1], [[0, (-1, 1)]]], [[0, 1, (-14, 44), (3, 6), [116, 64, 10, 1], 18, 64, 1], None]]]]
[1, 1, [256, 0, [512, 1, 64], [16, 128], [200, 10, 10, 1]], [111, [16, 128], [[[1, 0, (39, -48), (0, -1), [144, 10, 10, 1], 14, 64, 1], [[0, (-1, 1)]]], [[0, 1, (-11, 49), (3, 5), [116, 64, 10, 1], 8, 64, 1], None]]]]
[1, 1, [256, 0, [512, 1, 64], [16, 128], [200, 10, 10, 1]], [112, [16, 128], [[[1, 0, (39, -48), (0, 0), [144, 10, 10, 1], 4, 64, 1], None], [[0, 1, (-8, 53), (3, 4), [116, 64, 10, 1], 62, 64, 1], [[2, (39, -48), 64, 0, 4]]]]]]
[1, 1, [256, 0, [512, 1, 64], [16, 128], [200, 10, 10, 1]], [113, [16, 128], [[[1, 0, (39, -47), (0, 1), [144, 10, 10, 1], 0, 64, 1], None], [[0, 1, (-5, 56), (3, 3), [116, 64, 10, 1], 52, 64, 1], None]]]]
[1, 1, [256, 0, [512, 1, 64], [16, 128], [200, 10, 10, 1]], [114, [16, 128], [[[1, 0, (40, -46), (1, 1), [143, 10, 10, 1], 0, 64, 1], [[0, (-1, 1)]]], [[0, 1, (-2, 58), (3, 2), [116, 64, 10, 1], 42, 64, 1], None]]]]
[1, 1, [256, 0, [512, 1, 64], [16, 128], [200, 10, 10, 1]], [115, [16, 128], [[[1, 0, (42, -45), (2, 1), [142, 10, 10, 1], 0, 64, 1], [[0, (-1, 1)]]], [[0, 1, (1, 59), (3, 1), [116, 64, 10, 1], 32, 64, 1], None]]]]
[1, 1, [256, 0, [512, 1, 64], [16, 128], [200, 10, 10, 1]], [116, [16, 128], [[[1, 0, (45, -44), (3, 1), [141, 10, 10, 1], 0, 64, 1], [[0, (-1, 1)]]], [[0, 1, (4, 59), (3, 0), [116, 64, 10, 1], 22, 64, 1], None]]]]
[1, 1, [256, 0, [512, 1, 64], [16, 128], [200, 10, 10, 1]], [117, [16, 128], [[[1, 0, (48, -44), (3, 0), [140, 10, 10, 1], 0, 64, 1], [[0, (-1, 1)]]], [[0, 1, (7, 58), (3, -1), [116, 64, 10, 1], 12, 64, 1], None]]]]
[1, 1, [256, 0, [512, 1, 64], [16, 128], [200, 10, 10, 1]], [118, [16, 128], [[[1, 0, (50, -44), (2, 0), [140, 10, 10, 1], 0, 64, 1], None], [[0, 1, (10, 56), (3, -2), [116, 64, 10, 1], 2, 64, 1], None]]]]
[1, 1, [256, 0, [512, 1, 64], [16, 128], [200, 10, 10, 1]], [119, [16, 128], [[[1, 0, (51, -44), (1, 0), [140, 10, 10, 1], 0, 64, 1], None], [[0, 1, (13, 53), (3, -3), [116, 64, 10, 1], 56, 64, 1], [[2, (51, -44), 64, 0, 4]]]]]]
[1, 1, [256, 0, [512, 1, 64], [16, 128], [200, 10, 10, 1]], [120, [16, 128], [[[1, 0, (51, -44), (0, 0), [140, 10, 10, 1], 0, 64, 1], None], [[0, 1, (16, 49), (3, -4), [116, 64, 10, 1], 46, 64, 1], None]]]]
[1, 1, [256, 0, [512, 1, 64], [16, 128], [200, 10, 10, 1]], [121, [16, 128], [[[1, 0, (50, -44), (-1, 0), [140, 10, 10, 1], 0, 64, 1], None], [[0, 1, (19, 44), (3, -5), [116, 64, 10, 1], 36, 64, 1], None]]]]
[1, 1, [256, 0, [512, 1, 64], [16, 128], [200, 10, 10, 1]], [122, [16, 128], [[[1, 0, (48, -44), (-2, 0), [140, 10, 10, 1], 0, 64, 1], None], [[0, 1, (22, 38), (3, -6), [116, 64, 10, 1], 26, 64, 1], None]]]]
[1, 1, [256, 0, [512, 1, 64], [16, 128], [200, 10, 10, 1]], [123, [16, 128], [[[1, 0, (45, -44), (-3, 0), [140, 10, 10, 1], 0, 64, 1], None], [[0, 1, (25, 31), (3, -7), [116, 64, 10, 1], 16, 64, 1], None]]]]
[1, 1, [256, 0, [512, 1, 64], [16, 128], [200, 10, 10, 1]], [124, [16, 128], [[[1, 0, (42, -45), (-3, -1), [139, 10, 10, 1], 0, 64, 1], [[0, (-1, 1)]]], [[0, 1, (28, 23), (3, -8), [116, 64, 10, 1], 6, 64, 1], None]]]]
[1, 1, [256, 0, [512, 1, 64], [16, 128], [200, 10, 10, 1]], [125, [16, 128], [[[1, 0, (40, -46), (-2, -1), [138, 10, 10, 1], 17, 64, 1], [[0, (-1, 1)]]], [[0, 1, (30, 15), (2, -8), [116, 64, 10, 1], 60, 64, 1], [[2, (39, -45), 64, 76, 4]]]]]]
