join: [1, 0, [256, 0, [512, 1, 64], [16, 128], [100, 10, 10, 1]], []]
start: [1, 1, [256, 0, [512, 1, 64], [16, 128], [100, 10, 10, 1]], [0, [16, 128], [[[1, 0, (-21, -48), (0, 0), [100, 10, 10, 1], 0, 64, 1], []], [[0, 1, (21, 48), (0, 0), [100, 10, 10, 1], 0, 64, 1], []]]]]
commands: [1, 1, [256, 0, [512, 1, 64], [16, 128], [100, 10, 10, 1]], [1, [16, 128], [[[1, 0, (-21, -47), (0, 1), [100, 10, 10, 1], 0, 64, 1], []], [[0, 1, (21, 47), (0, -1), [100, 10, 10, 1], 0, 64, 1], []]]]]
commands: [1, 1, [256, 0, [512, 1, 64], [16, 128], [100, 10, 10, 1]], [2, [16, 128], [[[1, 0, (-22, -46), (-1, 1), [99, 10, 10, 1], 0, 64, 1], [[0, (1, 1)]]], [[0, 1, (22, 46), (1, -1), [99, 10, 10, 1], 0, 64, 1], [[0, (-1, -1)]]]]]]
commands: [1, 1, [256, 0, [512, 1, 64], [16, 128], [100, 10, 10, 1]], [3, [16, 128], [[[1, 0, (-24, -45), (-2, 1), [98, 10, 10, 1], 0, 64, 1], [[0, (1, 1)]]], [[0, 1, (24, 45), (2, -1), [98, 10, 10, 1], 0, 64, 1], [[0, (-1, -1)]]]]]]
commands: [1, 1, [256, 0, [512, 1, 64], [16, 128], [100, 10, 10, 1]], [4, [16, 128], [[[1, 0, (-27, -44), (-3, 1), [97, 10, 10, 1], 0, 64, 1], [[0, (1, 1)]]], [[0, 1, (27, 44), (3, -1), [97, 10, 10, 1], 0, 64, 1], [[0, (-1, -1)]]]]]]
commands: [1, 1, [256, 0, [512, 1, 64], [16, 128], [100, 10, 10, 1]], [5, [16, 128], [[[1, 0, (-31, -43), (-4, 1), [96, 10, 10, 1], 0, 64, 1], [[0, (1, 1)]]], [[0, 1, (31, 43), (4, -1), [96, 10, 10, 1], 0, 64, 1], [[0, (-1, -1)]]]]]]
commands: [1, 1, [256, 0, [512, 1, 64], [16, 128], [100, 10, 10, 1]], [6, [16, 128], [[[1, 0, (-36, -42), (-5, 1), [95, 10, 10, 1], 0, 64, 1], [[0, (1, 1)]]], [[0, 1, (36, 42), (5, -1), [95, 10, 10, 1], 0, 64, 1], [[0, (-1, -1)]]]]]]
commands: [1, 1, [256, 0, [512, 1, 64], [16, 128], [100, 10, 10, 1]], [7, [16, 128], [[[1, 0, (-42, -41), (-6, 1), [94, 10, 10, 1], 0, 64, 1], [[0, (1, 1)]]], [[0, 1, (42, 41), (6, -1), [94, 10, 10, 1], 0, 64, 1], [[0, (-1, -1)]]]]]]
commands: [1, 1, [256, 0, [512, 1, 64], [16, 128], [100, 10, 10, 1]], [8, [16, 128], [[[1, 0, (-48, -41), (-6, 0), [93, 10, 10, 1], 0, 64, 1], [[0, (1, 1)]]], [[0, 1, (48, 41), (6, 0), [93, 10, 10, 1], 0, 64, 1], [[0, (-1, -1)]]]]]]
commands: [1, 1, [256, 0, [512, 1, 64], [16, 128], [100, 10, 10, 1]], [9, [16, 128], [[[1, 0, (-53, -41), (-5, 0), [93, 10, 10, 1], 0, 64, 1], []], [[0, 1, (53, 41), (5, 0), [93, 10, 10, 1], 0, 64, 1], []]]]]
commands: [1, 1, [256, 0, [512, 1, 64], [16, 128], [100, 10, 10, 1]], [10, [16, 128], [[[1, 0, (-57, -41), (-4, 0), [93, 10, 10, 1], 0, 64, 1], []], [[0, 1, (57, 41), (4, 0), [93, 10, 10, 1], 0, 64, 1], []]]]]
commands: [1, 1, [256, 0, [512, 1, 64], [16, 128], [100, 10, 10, 1]], [11, [16, 128], [[[1, 0, (-60, -41), (-3, 0), [93, 10, 10, 1], 0, 64, 1], []], [[0, 1, (60, 41), (3, 0), [93, 10, 10, 1], 0, 64, 1], []]]]]
commands: [1, 1, [256, 0, [512, 1, 64], [16, 128], [100, 10, 10, 1]], [12, [16, 128], [[[1, 0, (-62, -41), (-2, 0), [93, 10, 10, 1], 0, 64, 1], []], [[0, 1, (62, 41), (2, 0), [93, 10, 10, 1], 0, 64, 1], []]]]]
commands: [1, 1, [256, 0, [512, 1, 64], [16, 128], [100, 10, 10, 1]], [13, [16, 128], [[[1, 0, (-63, -41), (-1, 0), [93, 10, 10, 1], 0, 64, 1], []], [[0, 1, (63, 41), (1, 0), [93, 10, 10, 1], 0, 64, 1], []]]]]
commands: [1, 1, [256, 0, [512, 1, 64], [16, 128], [100, 10, 10, 1]], [14, [16, 128], [[[1, 0, (-63, -41), (0, 0), [93, 10, 10, 1], 0, 64, 1], []], [[0, 1, (63, 41), (0, 0), [93, 10, 10, 1], 0, 64, 1], []]]]]
commands: [1, 1, [256, 0, [512, 1, 64], [16, 128], [100, 10, 10, 1]], [15, [16, 128], [[[1, 0, (-62, -41), (1, 0), [93, 10, 10, 1], 0, 64, 1], []], [[0, 1, (62, 41), (-1, 0), [93, 10, 10, 1], 0, 64, 1], []]]]]
commands: [1, 1, [256, 0, [512, 1, 64], [16, 128], [100, 10, 10, 1]], [16, [16, 128], [[[1, 0, (-60, -41), (2, 0), [93, 10, 10, 1], 0, 64, 1], []], [[0, 1, (60, 41), (-2, 0), [93, 10, 10, 1], 0, 64, 1], []]]]]
commands: [1, 1, [256, 0, [512, 1, 64], [16, 128], [100, 10, 10, 1]], [17, [16, 128], [[[1, 0, (-57, -41), (3, 0), [93, 10, 10, 1], 0, 64, 1], []], [[0, 1, (57, 41), (-3, 0), [93, 10, 10, 1], 0, 64, 1], []]]]]
commands: [1, 1, [256, 0, [512, 1, 64], [16, 128], [100, 10, 10, 1]], [18, [16, 128], [[[1, 0, (-53, -41), (4, 0), [93, 10, 10, 1], 0, 64, 1], []], [[0, 1, (53, 41), (-4, 0), [93, 10, 10, 1], 0, 64, 1], []]]]]
commands: [1, 1, [256, 0, [512, 1, 64], [16, 128], [100, 10, 10, 1]], [19, [16, 128], [[[1, 0, (-48, -41), (5, 0), [93, 10, 10, 1], 0, 64, 1], []], [[0, 1, (48, 41), (-5, 0), [93, 10, 10, 1], 0, 64, 1], []]]]]
commands: [1, 1, [256, 0, [512, 1, 64], [16, 128], [100, 10, 10, 1]], [20, [16, 128], [[[1, 0, (-42, -41), (6, 0), [93, 10, 10, 1], 0, 64, 1], []], [[0, 1, (42, 41), (-6, 0), [93, 10, 10, 1], 0, 64, 1], []]]]]
commands: [1, 1, [256, 0, [512, 1, 64], [16, 128], [100, 10, 10, 1]], [21, [16, 128], [[[1, 0, (-36, -42), (6, -1), [92, 10, 10, 1], 0, 64, 1], [[0, (1, 1)]]], [[0, 1, (36, 42), (-6, 1), [92, 10, 10, 1], 0, 64, 1], [[0, (-1, -1)]]]]]]
commands: [1, 1, [256, 0, [512, 1, 64], [16, 128], [100, 10, 10, 1]], [22, [16, 128], [[[1, 0, (-31, -43), (5, -1), [91, 10, 10, 1], 0, 64, 1], [[0, (1, 1)]]], [[0, 1, (31, 43), (-5, 1), [91, 10, 10, 1], 0, 64, 1], [[0, (-1, -1)]]]]]]
commands: [1, 1, [256, 0, [512, 1, 64], [16, 128], [100, 10, 10, 1]], [23, [16, 128], [[[1, 0, (-27, -44), (4, -1), [90, 10, 10, 1], 0, 64, 1], [[0, (1, 1)]]], [[0, 1, (27, 44), (-4, 1), [90, 10, 10, 1], 0, 64, 1], [[0, (-1, -1)]]]]]]
commands: [1, 1, [256, 0, [512, 1, 64], [16, 128], [100, 10, 10, 1]], [24, [16, 128], [[[1, 0, (-24, -45), (3, -1), [89, 10, 10, 1], 0, 64, 1], [[0, (1, 1)]]], [[0, 1, (24, 45), (-3, 1), [89, 10, 10, 1], 0, 64, 1], [[0, (-1, -1)]]]]]]
commands: [1, 1, [256, 0, [512, 1, 64], [16, 128], [100, 10, 10, 1]], [25, [16, 128], [[[1, 0, (-22, -46), (2, -1), [88, 10, 10, 1], 0, 64, 1], [[0, (1, 1)]]], [[0, 1, (22, 46), (-2, 1), [88, 10, 10, 1], 0, 64, 1], [[0, (-1, -1)]]]]]]
commands: [1, 1, [256, 0, [512, 1, 64], [16, 128], [100, 10, 10, 1]], [26, [16, 128], [[[1, 0, (-21, -47), (1, -1), [87, 10, 10, 1], 0, 64, 1], [[0, (1, 1)]]], [[0, 1, (21, 47), (-1, 1), [87, 10, 10, 1], 0, 64, 1], [[0, (-1, -1)]]]]]]
commands: [1, 1, [256, 0, [512, 1, 64], [16, 128], [100, 10, 10, 1]], [27, [16, 128], [[[1, 0, (-21, -48), (0, -1), [86, 10, 10, 1], 0, 64, 1], [[0, (1, 1)]]], [[0, 1, (21, 48), (0, 1), [86, 10, 10, 1], 0, 64, 1], [[0, (-1, -1)]]]]]]
commands: [1, 1, [256, 0, [512, 1, 64], [16, 128], [100, 10, 10, 1]], [28, [16, 128], [[[1, 0, (-21, -48), (0, 0), [86, 10, 10, 1], 0, 64, 1], []], [[0, 1, (21, 48), (0, 0), [86, 10, 10, 1], 0, 64, 1], []]]]]
commands: [1, 1, [256, 0, [512, 1, 64], [16, 128], [100, 10, 10, 1]], [29, [16, 128], [[[1, 0, (-21, -47), (0, 1), [86, 10, 10, 1], 0, 64, 1], []], [[0, 1, (21, 47), (0, -1), [86, 10, 10, 1], 0, 64, 1], []]]]]
commands: [1, 1, [256, 0, [512, 1, 64], [16, 128], [100, 10, 10, 1]], [30, [16, 128], [[[1, 0, (-22, -46), (-1, 1), [85, 10, 10, 1], 0, 64, 1], [[0, (1, 1)]]], [[0, 1, (22, 46), (1, -1), [85, 10, 10, 1], 0, 64, 1], [[0, (-1, -1)]]]]]]
commands: [1, 1, [256, 0, [512, 1, 64], [16, 128], [100, 10, 10, 1]], [31, [16, 128], [[[1, 0, (-24, -45), (-2, 1), [84, 10, 10, 1], 0, 64, 1], [[0, (1, 1)]]], [[0, 1, (24, 45), (2, -1), [84, 10, 10, 1], 0, 64, 1], [[0, (-1, -1)]]]]]]
commands: [1, 1, [256, 0, [512, 1, 64], [16, 128], [100, 10, 10, 1]], [32, [16, 128], [[[1, 0, (-27, -44), (-3, 1), [83, 10, 10, 1], 0, 64, 1], [[0, (1, 1)]]], [[0, 1, (27, 44), (3, -1), [83, 10, 10, 1], 0, 64, 1], [[0, (-1, -1)]]]]]]
commands: [1, 1, [256, 0, [512, 1, 64], [16, 128], [100, 10, 10, 1]], [33, [16, 128], [[[1, 0, (-31, -43), (-4, 1), [82, 10, 10, 1], 0, 64, 1], [[0, (1, 1)]]], [[0, 1, (31, 43), (4, -1), [82, 10, 10, 1], 0, 64, 1], [[0, (-1, -1)]]]]]]
commands: [1, 1, [256, 0, [512, 1, 64], [16, 128], [100, 10, 10, 1]], [34, [16, 128], [[[1, 0, (-36, -42), (-5, 1), [81, 10, 10, 1], 0, 64, 1], [[0, (1, 1)]]], [[0, 1, (36, 42), (5, -1), [81, 10, 10, 1], 0, 64, 1], [[0, (-1, -1)]]]]]]
commands: [1, 1, [256, 0, [512, 1, 64], [16, 128], [100, 10, 10, 1]], [35, [16, 128], [[[1, 0, (-42, -41), (-6, 1), [80, 10, 10, 1], 0, 64, 1], [[0, (1, 1)]]], [[0, 1, (42, 41), (6, -1), [80, 10, 10, 1], 0, 64, 1], [[0, (-1, -1)]]]]]]
commands: [1, 1, [256, 0, [512, 1, 64], [16, 128], [100, 10, 10, 1]], [36, [16, 128], [[[1, 0, (-48, -41), (-6, 0), [79, 10, 10, 1], 0, 64, 1], [[0, (1, 1)]]], [[0, 1, (48, 41), (6, 0), [79, 10, 10, 1], 0, 64, 1], [[0, (-1, -1)]]]]]]
