[1, 0, [256, 0, [512, 1, 64], [16, 128], [1, 86, 1, 1]], None]
[1, 1, [256, 0, [512, 1, 64], [16, 128], [1, 86, 1, 1]], [0, [16, 128], [[[1, 0, (-15, 48), (0, 0), [1, 86, 1, 1], 0, 64, 1], None], [[0, 1, (15, -48), (0, 0), [1, 1, 1, 1], 0, 64, 1], None]]]]
[1, 1, [256, 0, [512, 1, 64], [16, 128], [1, 86, 1, 1]], [1, [16, 128], [[[1, 0, (-15, 47), (0, -1), [1, 86, 1, 1], 63, 64, 1], [[2, (15, -47), 64, 0, 4]]], [[0, 1, (15, -47), (0, 1), [1, 1, 1, 1], 0, 64, 1], None]]]]
[1, 1, [256, 0, [512, 1, 64], [16, 128], [1, 86, 1, 1]], [2, [16, 128], [[[1, 0, (-15, 45), (0, -2), [1, 86, 1, 1], 62, 64, 1], None], [[0, 1, (15, -45), (0, 2), [1, 1, 1, 1], 0, 64, 1], None]]]]
[1, 1, [256, 0, [512, 1, 64], [16, 128], [1, 86, 1, 1]], [3, [16, 128], [[[1, 0, (-15, 42), (0, -3), [1, 86, 1, 1], 61, 64, 1], None], [[0, 1, (15, -42), (0, 3), [1, 1, 1, 1], 0, 64, 1], None]]]]
[1, 1, [256, 0, [512, 1, 64], [16, 128], [1, 86, 1, 1]], [4, [16, 128], [[[1, 0, (-15, 38), (0, -4), [1, 86, 1, 1], 60, 64, 1], None], [[0, 1, (15, -38), (0, 4), [1, 1, 1, 1], 0, 64, 1], None]]]]
[1, 1, [256, 0, [512, 1, 64], [16, 128], [1, 86, 1, 1]], [5, [16, 128], [[[1, 0, (-15, 33), (0, -5), [1, 86, 1, 1], 59, 64, 1], None], [[0, 1, (15, -33), (0, 5), [1, 1, 1, 1], 0, 64, 1], None]]]]
[1, 1, [256, 0, [512, 1, 64], [16, 128], [1, 86, 1, 1]], [6, [16, 128], [[[1, 0, (-15, 27), (0, -6), [1, 86, 1, 1], 58, 64, 1], None], [[0, 1, (15, -27), (0, 6), [1, 1, 1, 1], 0, 64, 1], None]]]]
[1, 1, [256, 0, [512, 1, 64], [16, 128], [1, 86, 1, 1]], [7, [16, 128], [[[1, 0, (-15, 20), (0, -7), [1, 86, 1, 1], 57, 64, 1], None], [[0, 1, (15, -20), (0, 7), [1, 1, 1, 1], 0, 64, 1], None]]]]
[1, 2, [256, 0, [512, 1, 64], [16, 128], [1, 86, 1, 1]], [8, [16, 128], [[[1, 0, (-15, 12), (0, -8), [0, 0, 0, 0], 57, 64, 1], None], [[0, 1, (15, -12), (0, 8), [0, 0, 0, 0], 0, 64, 1], None]]]]
