[1, 0, [256, 0, [512, 1, 64], [16, 128], [200, 10, 10, 1]], None]
[1, 1, [256, 0, [512, 1, 64], [16, 128], [200, 10, 10, 1]], [0, [16, 128], [[[1, 0, (-48, 5), (0, 0), [200, 10, 10, 1], 0, 64, 1], None], [[0, 1, (48, -5), (0, 0), [200, 10, 10, 1], 0, 64, 1], None]]]]
[1, 1, [256, 0, [512, 1, 64], [16, 128], [200, 10, 10, 1]], [1, [16, 128], [[[1, 0, (-48, 6), (0, 1), [199, 10, 10, 1], 0, 64, 1], [[0, (1, -1)]]], [[0, 1, (47, -5), (-1, 0), [200, 10, 10, 1], 0, 64, 1], None]]]]
[1, 1, [256, 0, [512, 1, 64], [16, 128], [200, 10, 10, 1]], [2, [16, 128], [[[1, 0, (-47, 8), (1, 2), [198, 10, 10, 1], 0, 64, 1], [[0, (0, -1)]]], [[0, 1, (46, -6), (-1, -1), [199, 10, 10, 1], 0, 64, 1], [[0, (-1, 1)]]]]]]
[1, 1, [256, 0, [512, 1, 64], [16, 128], [200, 10, 10, 1]], [3, [16, 128], [[[1, 0, (-45, 10), (2, 2), [198, 10, 10, 1], 0, 64, 1], None], [[0, 1, (45, -8), (-1, -2), [198, 10, 10, 1], 0, 64, 1], [[0, (-1, 1)]]]]]]
[1, 1, [256, 0, [512, 1, 64], [16, 128], [200, 10, 10, 1]], [4, [16, 128], [[[1, 0, (-42, 12), (3, 2), [198, 10, 10, 1], 0, 64, 1], None], [[0, 1, (44, -11), (-1, -3), [197, 10, 10, 1], 0, 64, 1], [[0, (-1, 1)]]]]]]
[1, 1, [256, 0, [512, 1, 64], [16, 128], [200, 10, 10, 1]], [5, [16, 128], [[[1, 0, (-38, 14), (4, 2), [198, 10, 10, 1], 0, 64, 1], None], [[0, 1, (43, -15), (-1, -4), [196, 10, 10, 1], 0, 64, 1], [[0, (-1, 1)]]]]]]
[1, 1, [256, 0, [512, 1, 64], [16, 128], [200, 10, 10, 1]], [6, [16, 128], [[[1, 0, (-33, 16), (5, 2), [198, 10, 10, 1], 0, 64, 1], None], [[0, 1, (42, -20), (-1, -5), [195, 10, 10, 1], 0, 64, 1], [[0, (-1, 1)]]]]]]
[1, 1, [256, 0, [512, 1, 64], [16, 128], [200, 10, 10, 1]], [7, [16, 128], [[[1, 0, (-27, 18), (6, 2), [198, 10, 10, 1], 0, 64, 1], None], [[0, 1, (41, -26), (-1, -6), [194, 10, 10, 1], 0, 64, 1], [[0, (-1, 1)]]]]]]
[1, 1, [256, 0, [512, 1, 64], [16, 128], [200, 10, 10, 1]], [8, [16, 128], [[[1, 0, (-20, 20), (7, 2), [198, 10, 10, 1], 0, 64, 1], None], [[0, 1, (40, -33), (-1, -7), [193, 10, 10, 1], 0, 64, 1], [[0, (-1, 1)]]]]]]
[1, 1, [256, 0, [512, 1, 64], [16, 128], [200, 10, 10, 1]], [9, [16, 128], [[[1, 0, (-12, 21), (8, 1), [198, 10, 10, 1], 0, 64, 1], None], [[0, 1, (39, -41), (-1, -8), [192, 10, 10, 1], 0, 64, 1], [[0, (-1, 1)]]]]]]
[1, 1, [256, 0, [512, 1, 64], [16, 128], [200, 10, 10, 1]], [10, [16, 128], [[[1, 0, (-4, 21), (8, 0), [198, 10, 10, 1], 0, 64, 1], None], [[0, 1, (39, -49), (0, -8), [191, 10, 10, 1], 0, 64, 1], [[0, (-1, 1)]]]]]]
[1, 1, [256, 0, [512, 1, 64], [16, 128], [200, 10, 10, 1]], [11, [16, 128], [[[1, 0, (4, 20), (8, -1), [198, 10, 10, 1], 0, 64, 1], None], [[0, 1, (39, -56), (0, -7), [191, 10, 10, 1], 0, 64, 1], None]]]]
[1, 1, [256, 0, [512, 1, 64], [16, 128], [200, 10, 10, 1]], [12, [16, 128], [[[1, 0, (12, 18), (8, -2), [198, 10, 10, 1], 0, 64, 1], None], [[0, 1, (39, -62), (0, -6), [191, 10, 10, 1], 0, 64, 1], None]]]]
[1, 1, [256, 0, [512, 1, 64], [16, 128], [200, 10, 10, 1]], [13, [16, 128], [[[1, 0, (20, 15), (8, -3), [198, 10, 10, 1], 0, 64, 1], None], [[0, 1, (39, -67), (0, -5), [191, 10, 10, 1], 0, 64, 1], None]]]]
[1, 1, [256, 0, [512, 1, 64], [16, 128], [200, 10, 10, 1]], [14, [16, 128], [[[1, 0, (27, 12), (7, -3), [198, 10, 10, 1], 0, 64, 1], None], [[0, 1, (39, -71), (0, -4), [191, 10, 10, 1], 0, 64, 1], None]]]]
[1, 1, [256, 0, [512, 1, 64], [16, 128], [200, 10, 10, 1]], [15, [16, 128], [[[1, 0, (33, 9), (6, -3), [198, 10, 10, 1], 0, 64, 1], None], [[0, 1, (39, -74), (0, -3), [191, 10, 10, 1], 0, 64, 1], None]]]]
[1, 1, [256, 0, [512, 1, 64], [16, 128], [200, 10, 10, 1]], [16, [16, 128], [[[1, 0, (38, 6), (5, -3), [198, 10, 10, 1], 0, 64, 1], None], [[0, 1, (39, -76), (0, -2), [191, 10, 10, 1], 0, 64, 1], None]]]]
[1, 1, [256, 0, [512, 1, 64], [16, 128], [200, 10, 10, 1]], [17, [16, 128], [[[1, 0, (42, 3), (4, -3), [198, 10, 10, 1], 0, 64, 1], None], [[0, 1, (39, -77), (0, -1), [191, 10, 10, 1], 0, 64, 1], None]]]]
[1, 1, [256, 0, [512, 1, 64], [16, 128], [200, 10, 10, 1]], [18, [16, 128], [[[1, 0, (45, 0), (3, -3), [198, 10, 10, 1], 0, 64, 1], None], [[0, 1, (39, -77), (0, 0), [191, 10, 10, 1], 0, 64, 1], None]]]]
[1, 1, [256, 0, [512, 1, 64], [16, 128], [200, 10, 10, 1]], [19, [16, 128], [[[1, 0, (47, -3), (2, -3), [198, 10, 10, 1], 0, 64, 1], None], [[0, 1, (39, -76), (0, 1), [191, 10, 10, 1], 0, 64, 1], None]]]]
[1, 1, [256, 0, [512, 1, 64], [16, 128], [200, 10, 10, 1]], [20, [16, 128], [[[1, 0, (48, -6), (1, -3), [198, 10, 10, 1], 0, 64, 1], None], [[0, 1, (39, -74), (0, 2), [191, 10, 10, 1], 0, 64, 1], None]]]]
[1, 1, [256, 0, [512, 1, 64], [16, 128], [200, 10, 10, 1]], [21, [16, 128], [[[1, 0, (48, -9), (0, -3), [198, 10, 10, 1], 0, 64, 1], None], [[0, 1, (39, -71), (0, 3), [191, 10, 10, 1], 0, 64, 1], None]]]]
[1, 1, [256, 0, [512, 1, 64], [16, 128], [200, 10, 10, 1]], [22, [16, 128], [[[1, 0, (47, -12), (-1, -3), [198, 10, 10, 1], 0, 64, 1], None], [[0, 1, (39, -67), (0, 4), [191, 10, 10, 1], 0, 64, 1], None]]]]
[1, 1, [256, 0, [512, 1, 64], [16, 128], [200, 10, 10, 1]], [23, [16, 128], [[[1, 0, (45, -15), (-2, -3), [198, 10, 10, 1], 0, 64, 1], None], [[0, 1, (39, -62), (0, 5), [191, 10, 10, 1], 0, 64, 1], None]]]]
[1, 1, [256, 0, [512, 1, 64], [16, 128], [200, 10, 10, 1]], [24, [16, 128], [[[1, 0, (42, -18), (-3, -3), [198, 10, 10, 1], 0, 64, 1], None], [[0, 1, (39, -56), (0, 6), [191, 10, 10, 1], 0, 64, 1], None]]]]
[1, 1, [256, 0, [512, 1, 64], [16, 128], [200, 10, 10, 1]], [25, [16, 128], [[[1, 0, (38, -21), (-4, -3), [198, 10, 10, 1], 0, 64, 1], None], [[0, 1, (39, -49), (0, 7), [191, 10, 10, 1], 0, 64, 1], None]]]]
[1, 1, [256, 0, [512, 1, 64], [16, 128], [200, 10, 10, 1]], [26, [16, 128], [[[1, 0, (33, -24), (-5, -3), [198, 10, 10, 1], 0, 64, 1], None], [[0, 1, (39, -41), (0, 8), [191, 10, 10, 1], 0, 64, 1], None]]]]
[1, 1, [256, 0, [512, 1, 64], [16, 128], [200, 10, 10, 1]], [27, [16, 128], [[[1, 0, (27, -27), (-6, -3), [198, 10, 10, 1], 0, 64, 1], None], [[0, 1, (40, -33), (1, 8), [190, 10, 10, 1], 0, 64, 1], [[0, (-1, 1)]]]]]]
[1, 1, [256, 0, [512, 1, 64], [16, 128], [200, 10, 10, 1]], [28, [16, 128], [[[1, 0, (20, -29), (-7, -2), [198, 10, 10, 1], 0, 64, 1], None], [[0, 1, (41, -26), (1, 7), [189, 10, 10, 1], 0, 64, 1], [[0, (-1, 1)]]]]]]
[1, 1, [256, 0, [512, 1, 64], [16, 128], [200, 10, 10, 1]], [29, [16, 128], [[[1, 0, (13, -30), (-7, -1), [198, 10, 10, 1], 0, 64, 1], None], [[0, 1, (42, -20), (1, 6), [188, 10, 10, 1], 0, 64, 1], [[0, (-1, 1)]]]]]]
[1, 1, [256, 0, [512, 1, 64], [16, 128], [200, 10, 10, 1]], [30, [16, 128], [[[1, 0, (6, -30), (-7, 0), [198, 10, 10, 1], 0, 64, 1], None], [[0, 1, (43, -15), (1, 5), [187, 10, 10, 1], 0, 64, 1], [[0, (-1, 1)]]]]]]
[1, 1, [256, 0, [512, 1, 64], [16, 128], [200, 10, 10, 1]], [31, [16, 128], [[[1, 0, (-1, -29), (-7, 1), [198, 10, 10, 1], 0, 64, 1], None], [[0, 1, (44, -11), (1, 4), [186, 10, 10, 1], 0, 64, 1], [[0, (-1, 1)]]]]]]
[1, 1, [256, 0, [512, 1, 64], [16, 128], [200, 10, 10, 1]], [32, [16, 128], [[[1, 0, (-8, -27), (-7, 2), [198, 10, 10, 1], 0, 64, 1], None], [[0, 1, (45, -8), (1, 3), [185, 10, 10, 1], 0, 64, 1], [[0, (-1, 1)]]]]]]
[1, 1, [256, 0, [512, 1, 64], [16, 128], [200, 10, 10, 1]], [33, [16, 128], [[[1, 0, (-15, -24), (-7, 3), [198, 10, 10, 1], 0, 64, 1], None], [[0, 1, (46, -6), (1, 2), [184, 10, 10, 1], 0, 64, 1], [[0, (-1, 1)]]]]]]
[1, 1, [256, 0, [512, 1, 64], [16, 128], [200, 10, 10, 1]], [34, [16, 128], [[[1, 0, (-22, -20), (-7, 4), [198, 10, 10, 1], 0, 64, 1], None], [[0, 1, (47, -5), (1, 1), [183, 10, 10, 1], 0, 64, 1], [[0, (-1, 1)]]]]]]
[1, 1, [256, 0, [512, 1, 64], [16, 128], [200, 10, 10, 1]], [35, [16, 128], [[[1, 0, (-28, -16), (-6, 4), [198, 10, 10, 1], 0, 64, 1], None], [[0, 1, (48, -5), (1, 0), [182, 10, 10, 1], 0, 64, 1], [[0, (-1, 1)]]]]]]
[1, 1, [256, 0, [512, 1, 64], [16, 128], [200, 10, 10, 1]], [36, [16, 128], [[[1, 0, (-33, -12), (-5, 4), [198, 10, 10, 1], 0, 64, 1], None], [[0, 1, (48, -5), (0, 0), [182, 10, 10, 1], 0, 64, 1], None]]]]
[1, 1, [256, 0, [512, 1, 64], [16, 128], [200, 10, 10, 1]], [37, [16, 128], [[[1, 0, (-37, -8), (-4, 4), [198, 10, 10, 1], 0, 64, 1], None], [[0, 1, (47, -5), (-1, 0), [182, 10, 10, 1], 0, 64, 1], None]]]]
[1, 1, [256, 0, [512, 1, 64], [16, 128], [200, 10, 10, 1]], [38, [16, 128], [[[1, 0, (-40, -4), (-3, 4), [198, 10, 10, 1], 0, 64, 1], None], [[0, 1, (46, -6), (-1, -1), [181, 10, 10, 1], 0, 64, 1], [[0, (-1, 1)]]]]]]
[1, 1, [256, 0, [512, 1, 64], [16, 128], [200, 10, 10, 1]], [39, [16, 128], [[[1, 0, (-42, 0), (-2, 4), [198, 10, 10, 1], 0, 64, 1], None], [[0, 1, (45, -8), (-1, -2), [180, 10, 10, 1], 0, 64, 1], [[0, (-1, 1)]]]]]]
[1, 1, [256, 0, [512, 1, 64], [16, 128], [200, 10, 10, 1]], [40, [16, 128], [[[1, 0, (-43, 4), (-1, 4), [198, 10, 10, 1], 0, 64, 1], None], [[0, 1, (44, -11), (-1, -3), [179, 10, 10, 1], 0, 64, 1], [[0, (-1, 1)]]]]]]
