[1, 0, [256, 0, [512, 1, 64], [16, 128], [200, 10, 10, 1]], None]
[1, 1, [256, 0, [512, 1, 64], [16, 128], [200, 10, 10, 1]], [0, [16, 128], [[[1, 0, (-48, -35), (0, 0), [200, 10, 10, 1], 0, 64, 1], None], [[0, 1, (48, 35), (0, 0), [30, 96, 8, 1], 0, 64, 1], None]]]]
[1, 1, [256, 0, [512, 1, 64], [16, 128], [200, 10, 10, 1]], [1, [16, 128], [[[1, 0, (-47, -35), (1, 0), [200, 10, 10, 1], 38, 64, 1], None], [[0, 1, (47, 35), (-1, 0), [6, 96, 8, 1], 64, 64, 1], [[2, (-47, -35), 96, 48, 4]]]]]]
[1, 1, [256, 0, [512, 1, 64], [16, 128], [200, 10, 10, 1]], [2, [16, 128], [[[1, 0, (-46, -36), (1, -1), [199, 10, 10, 1], 36, 64, 1], [[0, (1, 1)]]], [[0, 1, (45, 35), (-2, 0), [6, 96, 8, 1], 56, 64, 1], None]]]]
[1, 1, [256, 0, [512, 1, 64], [16, 128], [200, 10, 10, 1]], [3, [16, 128], [[[1, 0, (-45, -38), (1, -2), [198, 10, 10, 1], 34, 64, 1], [[0, (1, 1)]]], [[0, 1, (42, 35), (-3, 0), [6, 96, 8, 1], 48, 64, 1], None]]]]
[1, 1, [256, 0, [512, 1, 64], [16, 128], [200, 10, 10, 1]], [4, [16, 128], [[[1, 0, (-44, -41), (1, -3), [197, 10, 10, 1], 32, 64, 1], [[0, (1, 1)]]], [[0, 1, (38, 35), (-4, 0), [6, 96, 8, 1], 40, 64, 1], None]]]]
[1, 1, [256, 0, [512, 1, 64], [16, 128], [200, 10, 10, 1]], [5, [16, 128], [[[1, 0, (-43, -45), (1, -4), [196, 10, 10, 1], 30, 64, 1], [[0, (1, 1)]]], [[0, 1, (33, 35), (-5, 0), [6, 96, 8, 1], 32, 64, 1], None]]]]
[1, 1, [256, 0, [512, 1, 64], [16, 128], [200, 10, 10, 1]], [6, [16, 128], [[[1, 0, (-43, -49), (0, -4), [195, 10, 10, 1], 58, 64, 1], [[0, (1, 1)]]], [[0, 1, (28, 34), (-5, -1), [0, 46, 8, 1], 64, 64, 1], [[2, (-42, -48), 96, 123, 4]]]]]]
[1, 1, [256, 0, [512, 1, 64], [16, 128], [200, 10, 10, 1]], [7, [16, 128], [[[1, 0, (-43, -52), (0, -3), [195, 10, 10, 1], 48, 64, 1], None], [[0, 1, (23, 32), (-5, -2), [0, 46, 8, 1], 56, 64, 1], None]]]]
[1, 1, [256, 0, [512, 1, 64], [16, 128], [200, 10, 10, 1]], [8, [16, 128], [[[1, 0, (-43, -54), (0, -2), [195, 10, 10, 1], 38, 64, 1], None], [[0, 1, (18, 29), (-5, -3), [0, 46, 8, 1], 48, 64, 1], None]]]]
[1, 1, [256, 0, [512, 1, 64], [16, 128], [200, 10, 10, 1]], [9, [16, 128], [[[1, 0, (-43, -55), (0, -1), [195, 10, 10, 1], 28, 64, 1], None], [[0, 1, (13, 25), (-5, -4), [0, 46, 8, 1], 40, 64, 1], None]]]]
[1, 1, [256, 0, [512, 1, 64], [16, 128], [200, 10, 10, 1]], [10, [16, 128], [[[1, 0, (-43, -55), (0, 0), [195, 10, 10, 1], 18, 64, 1], None], [[0, 1, (8, 20), (-5, -5), [0, 46, 8, 1], 32, 64, 1], None]]]]
[1, 2, [256, 0, [512, 1, 64], [16, 128], [200, 10, 10, 1]], [11, [16, 128], [[[1, 0, (-43, -54), (0, 1), [195, 10, 10, 1], 8, 64, 1], None], [[0, 1, (3, 14), (-5, -6), [0, 0, 0, 0], 32, 64, 1], None]]]]
