join: [1, 0, [256, 0, [512, 1, 64], [16, 128], [100, 10, 10, 1]], []]
start: [1, 1, [256, 0, [512, 1, 64], [16, 128], [100, 10, 10, 1]], [0, [16, 128], [[[1, 0, (13, -48), (0, 0), [100, 10, 10, 1], 0, 64, 1], []], [[0, 1, (-13, 48), (0, 0), [446, 0, 0, 1], 0, 64, 1], []]]]]
commands: [1, 1, [256, 0, [512, 1, 64], [16, 128], [100, 10, 10, 1]], [1, [16, 128], [[[1, 0, (13, -47), (0, 1), [100, 10, 10, 1], 0, 64, 1], []], [[0, 1, (-13, 47), (0, -1), [446, 0, 0, 1], 0, 64, 1], []]]]]
commands: [1, 1, [256, 0, [512, 1, 64], [16, 128], [100, 10, 10, 1]], [2, [16, 128], [[[1, 0, (14, -46), (1, 1), [99, 10, 10, 1], 0, 64, 1], [[0, (-1, 1)]]], [[0, 1, (-13, 45), (0, -2), [446, 0, 0, 1], 0, 64, 1], []]]]]
commands: [1, 1, [256, 0, [512, 1, 64], [16, 128], [100, 10, 10, 1]], [3, [16, 128], [[[1, 0, (16, -45), (2, 1), [98, 10, 10, 1], 0, 64, 1], [[0, (-1, 1)]]], [[0, 1, (-13, 42), (0, -3), [446, 0, 0, 1], 0, 64, 1], []]]]]
commands: [1, 1, [256, 0, [512, 1, 64], [16, 128], [100, 10, 10, 1]], [4, [16, 128], [[[1, 0, (19, -44), (3, 1), [97, 10, 10, 1], 0, 64, 1], [[0, (-1, 1)]]], [[0, 1, (-13, 38), (0, -4), [446, 0, 0, 1], 0, 64, 1], []]]]]
commands: [1, 1, [256, 0, [512, 1, 64], [16, 128], [100, 10, 10, 1]], [5, [16, 128], [[[1, 0, (23, -43), (4, 1), [96, 10, 10, 1], 0, 64, 1], [[0, (-1, 1)]]], [[0, 1, (-13, 33), (0, -5), [446, 0, 0, 1], 0, 64, 1], []]]]]
commands: [1, 1, [256, 0, [512, 1, 64], [16, 128], [100, 10, 10, 1]], [6, [16, 128], [[[1, 0, (28, -42), (5, 1), [95, 10, 10, 1], 0, 64, 1], [[0, (-1, 1)]]], [[0, 1, (-13, 27), (0, -6), [446, 0, 0, 1], 0, 64, 1], []]]]]
commands: [1, 1, [256, 0, [512, 1, 64], [16, 128], [100, 10, 10, 1]], [7, [16, 128], [[[1, 0, (34, -41), (6, 1), [94, 10, 10, 1], 0, 64, 1], [[0, (-1, 1)]]], [[0, 1, (-13, 20), (0, -7), [446, 0, 0, 1], 0, 64, 1], []]]]]
commands: [1, 2, [256, 0, [512, 1, 64], [16, 128], [100, 10, 10, 1]], [8, [16, 128], [[[1, 0, (41, -40), (7, 1), [93, 10, 10, 1], 0, 64, 1], [[0, (-1, 1)]]], [[0, 1, (-13, 12), (0, -8), [0, 0, 0, 0], 0, 64, 1], []]]]]
