[1, 0, [256, 0, [512, 1, 64], [16, 128], [200, 10, 10, 1]], None]
[1, 1, [256, 0, [512, 1, 64], [16, 128], [200, 10, 10, 1]], [0, [16, 128], [[[1, 0, (-18, -48), (0, 0), [200, 10, 10, 1], 0, 64, 1], None], [[0, 1, (18, 48), (0, 0), [134, 64, 10, 1], 0, 64, 1], None]]]]
[1, 1, [256, 0, [512, 1, 64], [16, 128], [200, 10, 10, 1]], [1, [16, 128], [[[1, 0, (-18, -47), (0, 1), [200, 10, 10, 1], 0, 64, 1], None], [[0, 1, (19, 48), (1, 0), [133, 64, 10, 1], 0, 64, 1], [[0, (-1, -1)]]]]]]
[1, 1, [256, 0, [512, 1, 64], [16, 128], [200, 10, 10, 1]], [2, [16, 128], [[[1, 0, (-19, -46), (-1, 1), [199, 10, 10, 1], 0, 64, 1], [[0, (1, 1)]]], [[0, 1, (20, 47), (1, -1), [133, 64, 10, 1], 0, 64, 1], None]]]]
[1, 1, [256, 0, [512, 1, 64], [16, 128], [200, 10, 10, 1]], [3, [16, 128], [[[1, 0, (-21, -45), (-2, 1), [198, 10, 10, 1], 0, 64, 1], [[0, (1, 1)]]], [[0, 1, (21, 45), (1, -2), [133, 64, 10, 1], 0, 64, 1], None]]]]
[1, 1, [256, 0, [512, 1, 64], [16, 128], [200, 10, 10, 1]], [4, [16, 128], [[[1, 0, (-24, -44), (-3, 1), [197, 10, 10, 1], 0, 64, 1], [[0, (1, 1)]]], [[0, 1, (22, 42), (1, -3), [133, 64, 10, 1], 0, 64, 1], None]]]]
[1, 1, [256, 0, [512, 1, 64], [16, 128], [200, 10, 10, 1]], [5, [16, 128], [[[1, 0, (-28, -43), (-4, 1), [196, 10, 10, 1], 0, 64, 1], [[0, (1, 1)]]], [[0, 1, (23, 38), (1, -4), [133, 64, 10, 1], 0, 64, 1], None]]]]
[1, 1, [256, 0, [512, 1, 64], [16, 128], [200, 10, 10, 1]], [6, [16, 128], [[[1, 0, (-33, -42), (-5, 1), [195, 10, 10, 1], 0, 64, 1], [[0, (1, 1)]]], [[0, 1, (24, 33), (1, -5), [133, 64, 10, 1], 0, 64, 1], None]]]]
[1, 1, [256, 0, [512, 1, 64], [16, 128], [200, 10, 10, 1]], [7, [16, 128], [[[1, 0, (-39, -41), (-6, 1), [194, 10, 10, 1], 0, 64, 1], [[0, (1, 1)]]], [[0, 1, (25, 27), (1, -6), [133, 64, 10, 1], 0, 64, 1], None]]]]
[1, 1, [256, 0, [512, 1, 64], [16, 128], [200, 10, 10, 1]], [8, [16, 128], [[[1, 0, (-46, -40), (-7, 1), [193, 10, 10, 1], 0, 64, 1], [[0, (1, 1)]]], [[0, 1, (26, 20), (1, -7), [133, 64, 10, 1], 0, 64, 1], None]]]]
[1, 1, [256, 0, [512, 1, 64], [16, 128], [200, 10, 10, 1]], [9, [16, 128], [[[1, 0, (-53, -40), (-7, 0), [192, 10, 10, 1], 0, 64, 1], [[0, (1, 1)]]], [[0, 1, (26, 13), (0, -7), [133, 64, 10, 1], 0, 64, 1], None]]]]
[1, 1, [256, 0, [512, 1, 64], [16, 128], [200, 10, 10, 1]], [10, [16, 128], [[[1, 0, (-59, -40), (-6, 0), [192, 10, 10, 1], 0, 64, 1], None], [[0, 1, (25, 6), (-1, -7), [133, 64, 10, 1], 0, 64, 1], None]]]]
[1, 1, [256, 0, [512, 1, 64], [16, 128], [200, 10, 10, 1]], [11, [16, 128], [[[1, 0, (-64, -40), (-5, 0), [192, 10, 10, 1], 0, 64, 1], None], [[0, 1, (23, -1), (-2, -7), [133, 64, 10, 1], 0, 64, 1], None]]]]
[1, 1, [256, 0, [512, 1, 64], [16, 128], [200, 10, 10, 1]], [12, [16, 128], [[[1, 0, (-68, -40), (-4, 0), [192, 10, 10, 1], 0, 64, 1], None], [[0, 1, (20, -8), (-3, -7), [133, 64, 10, 1], 0, 64, 1], None]]]]
[1, 2, [256, 0, [512, 1, 64], [16, 128], [200, 10, 10, 1]], [13, [16, 128], [[[1, 0, (-71, -40), (-3, 0), [192, 10, 10, 1], 0, 64, 1], None], [[0, 1, (16, -15), (-4, -7), [0, 0, 0, 0], 0, 64, 1], None]]]]
