[1, 0, [256, 0, [512, 1, 64], [16, 128], [20, 48, 18, 1]], None]
[1, 1, [256, 0, [512, 1, 64], [16, 128], [20, 48, 18, 1]], [0, [16, 128], [[[1, 0, (48, 17), (0, 0), [20, 48, 18, 1], 0, 64, 1], None], [[0, 1, (-48, -17), (0, 0), [1, 1, 1, 1], 0, 64, 1], None]]]]
[1, 1, [256, 0, [512, 1, 64], [16, 128], [20, 48, 18, 1]], [1, [16, 128], [[[1, 0, (47, 17), (-1, 0), [20, 48, 18, 1], 30, 64, 1], [[2, (-47, -17), 48, 0, 4]]], [[0, 1, (-47, -17), (1, 0), [1, 1, 1, 1], 0, 64, 1], None]]]]
[1, 1, [256, 0, [512, 1, 64], [16, 128], [20, 48, 18, 1]], [2, [16, 128], [[[1, 0, (45, 17), (-2, 0), [20, 48, 18, 1], 60, 64, 1], [[2, (-45, -17), 48, 0, 4]]], [[0, 1, (-45, -17), (2, 0), [1, 1, 1, 1], 0, 64, 1], None]]]]
[1, 1, [256, 0, [512, 1, 64], [16, 128], [20, 48, 18, 1]], [3, [16, 128], [[[1, 0, (42, 17), (-3, 0), [20, 48, 18, 1], 42, 64, 1], None], [[0, 1, (-42, -17), (3, 0), [1, 1, 1, 1], 0, 64, 1], None]]]]
[1, 1, [256, 0, [512, 1, 64], [16, 128], [20, 48, 18, 1]], [4, [16, 128], [[[1, 0, (38, 17), (-4, 0), [20, 48, 18, 1], 24, 64, 1], None], [[0, 1, (-38, -17), (4, 0), [1, 1, 1, 1], 0, 64, 1], None]]]]
[1, 1, [256, 0, [512, 1, 64], [16, 128], [20, 48, 18, 1]], [5, [16, 128], [[[1, 0, (33, 17), (-5, 0), [20, 48, 18, 1], 54, 64, 1], [[2, (-33, -17), 48, 0, 4]]], [[0, 1, (-33, -17), (5, 0), [1, 1, 1, 1], 0, 64, 1], None]]]]
[1, 1, [256, 0, [512, 1, 64], [16, 128], [20, 48, 18, 1]], [6, [16, 128], [[[1, 0, (27, 17), (-6, 0), [20, 48, 18, 1], 36, 64, 1], None], [[0, 1, (-27, -17), (6, 0), [1, 1, 1, 1], 0, 64, 1], None]]]]
[1, 1, [256, 0, [512, 1, 64], [16, 128], [20, 48, 18, 1]], [7, [16, 128], [[[1, 0, (20, 17), (-7, 0), [20, 48, 18, 1], 18, 64, 1], None], [[0, 1, (-20, -17), (7, 0), [1, 1, 1, 1], 0, 64, 1], None]]]]
[1, 1, [256, 0, [512, 1, 64], [16, 128], [20, 48, 18, 1]], [8, [16, 128], [[[1, 0, (12, 17), (-8, 0), [20, 48, 18, 1], 48, 64, 1], [[2, (-12, -17), 48, 27, 4]]], [[0, 1, (-12, -17), (8, 0), [1, 1, 1, 1], 26, 64, 1], None]]]]
[1, 2, [256, 0, [512, 1, 64], [16, 128], [20, 48, 18, 1]], [9, [16, 128], [[[1, 0, (4, 16), (-8, -1), [0, 0, 0, 0], 48, 64, 1], None], [[0, 1, (-4, -16), (8, 1), [0, 0, 0, 0], 26, 64, 1], None]]]]
