[1, 0, [256, 0, [512, 1, 64], [16, 128], [64, 48, 14, 1]], None]
[1, 1, [256, 0, [512, 1, 64], [16, 128], [64, 48, 14, 1]], [0, [16, 128], [[[1, 0, (48, -25), (0, 0), [64, 48, 14, 1], 0, 64, 1], None], [[0, 1, (-48, 25), (0, 0), [446, 0, 0, 1], 0, 64, 1], None]]]]
[1, 1, [256, 0, [512, 1, 64], [16, 128], [64, 48, 14, 1]], [1, [16, 128], [[[1, 0, (47, -25), (-1, 0), [64, 48, 14, 1], 34, 64, 1], [[2, (-48, 25), 48, 0, 4]]], [[0, 1, (-47, 25), (1, 0), [446, 0, 0, 1], 0, 64, 1], None]]]]
[1, 1, [256, 0, [512, 1, 64], [16, 128], [64, 48, 14, 1]], [2, [16, 128], [[[1, 0, (46, -26), (-1, -1), [51, 48, 14, 1], 64, 64, 1], [[0, (-1, 1)], [2, (-47, 25), 48, 0, 4]]], [[0, 1, (-45, 25), (2, 0), [446, 0, 0, 1], 0, 64, 1], None]]]]
[1, 1, [256, 0, [512, 1, 64], [16, 128], [64, 48, 14, 1]], [3, [16, 128], [[[1, 0, (45, -28), (-1, -2), [8, 48, 14, 1], 64, 64, 1], [[0, (-1, 1)], [2, (-45, 25), 48, 0, 4]]], [[0, 1, (-42, 25), (3, 0), [446, 0, 0, 1], 0, 64, 1], None]]]]
[1, 1, [256, 0, [512, 1, 64], [16, 128], [64, 48, 14, 1]], [4, [16, 128], [[[1, 0, (44, -31), (-1, -3), [0, 13, 14, 1], 64, 64, 1], [[0, (-1, 1)], [2, (-42, 25), 48, 0, 4]]], [[0, 1, (-38, 25), (4, 0), [446, 0, 0, 1], 0, 64, 1], None]]]]
[1, 1, [256, 0, [512, 1, 64], [16, 128], [64, 48, 14, 1]], [5, [16, 128], [[[1, 0, (42, -34), (-2, -3), [0, 13, 14, 1], 63, 64, 1], [[2, (-38, 25), 13, 0, 4]]], [[0, 1, (-33, 25), (5, 0), [446, 0, 0, 1], 0, 64, 1], None]]]]
[1, 1, [256, 0, [512, 1, 64], [16, 128], [64, 48, 14, 1]], [6, [16, 128], [[[1, 0, (39, -37), (-3, -3), [0, 13, 14, 1], 62, 64, 1], [[2, (-33, 25), 13, 0, 4]]], [[0, 1, (-27, 25), (6, 0), [446, 0, 0, 1], 0, 64, 1], None]]]]
[1, 1, [256, 0, [512, 1, 64], [16, 128], [64, 48, 14, 1]], [7, [16, 128], [[[1, 0, (35, -40), (-4, -3), [0, 13, 14, 1], 61, 64, 1], [[2, (-27, 25), 13, 0, 4]]], [[0, 1, (-20, 25), (7, 0), [446, 0, 0, 1], 0, 64, 1], None]]]]
[1, 1, [256, 0, [512, 1, 64], [16, 128], [64, 48, 14, 1]], [8, [16, 128], [[[1, 0, (31, -42), (-4, -2), [0, 13, 14, 1], 60, 64, 1], [[2, (-20, 25), 13, 0, 4]]], [[0, 1, (-13, 24), (7, -1), [446, 0, 0, 1], 0, 64, 1], None]]]]
[1, 1, [256, 0, [512, 1, 64], [16, 128], [64, 48, 14, 1]], [9, [16, 128], [[[1, 0, (27, -43), (-4, -1), [0, 13, 14, 1], 59, 64, 1], [[2, (-13, 24), 13, 0, 4]]], [[0, 1, (-6, 22), (7, -2), [446, 0, 0, 1], 0, 64, 1], None]]]]
[1, 1, [256, 0, [512, 1, 64], [16, 128], [64, 48, 14, 1]], [10, [16, 128], [[[1, 0, (23, -43), (-4, 0), [0, 13, 14, 1], 58, 64, 1], [[2, (-6, 22), 13, 0, 4]]], [[0, 1, (1, 19), (7, -3), [446, 0, 0, 1], 0, 64, 1], None]]]]
[1, 2, [256, 0, [512, 1, 64], [16, 128], [64, 48, 14, 1]], [11, [16, 128], [[[1, 0, (19, -42), (-4, 1), [0, 13, 14, 1], 57, 64, 1], [[2, (1, 19), 13, 0, 4]]], [[0, 1, (8, 15), (7, -4), [0, 0, 0, 0], 0, 64, 1], None]]]]
