join: [1, 0, [256, 0, [512, 1, 64], [16, 128], [100, 10, 10, 1]], []]
start: [1, 1, [256, 0, [512, 1, 64], [16, 128], [100, 10, 10, 1]], [0, [16, 128], [[[1, 0, (-48, 45), (0, 0), [100, 10, 10, 1], 0, 64, 1], []], [[0, 1, (48, -45), (0, 0), [446, 0, 0, 1], 0, 64, 1], []]]]]
commands: [1, 1, [256, 0, [512, 1, 64], [16, 128], [100, 10, 10, 1]], [1, [16, 128], [[[1, 0, (-47, 45), (1, 0), [100, 10, 10, 1], 0, 64, 1], []], [[0, 1, (47, -45), (-1, 0), [446, 0, 0, 1], 0, 64, 1], []]]]]
commands: [1, 1, [256, 0, [512, 1, 64], [16, 128], [100, 10, 10, 1]], [2, [16, 128], [[[1, 0, (-46, 46), (1, 1), [99, 10, 10, 1], 0, 64, 1], [[0, (1, -1)]]], [[0, 1, (45, -45), (-2, 0), [446, 0, 0, 1], 0, 64, 1], []]]]]
commands: [1, 1, [256, 0, [512, 1, 64], [16, 128], [100, 10, 10, 1]], [3, [16, 128], [[[1, 0, (-45, 47), (1, 1), [98, 10, 10, 1], 0, 64, 1], [[0, (1, -1)]]], [[0, 1, (42, -44), (-3, 1), [446, 0, 0, 1], 0, 64, 1], []]]]]
commands: [1, 1, [256, 0, [512, 1, 64], [16, 128], [100, 10, 10, 1]], [4, [16, 128], [[[1, 0, (-45, 48), (0, 1), [97, 10, 10, 1], 0, 64, 1], [[0, (1, -1)]]], [[0, 1, (39, -42), (-3, 2), [446, 0, 0, 1], 0, 64, 1], []]]]]
commands: [1, 1, [256, 0, [512, 1, 64], [16, 128], [100, 10, 10, 1]], [5, [16, 128], [[[1, 0, (-45, 48), (0, 0), [97, 10, 10, 1], 0, 64, 1], []], [[0, 1, (36, -39), (-3, 3), [446, 0, 0, 1], 0, 64, 1], []]]]]
commands: [1, 1, [256, 0, [512, 1, 64], [16, 128], [100, 10, 10, 1]], [6, [16, 128], [[[1, 0, (-45, 47), (0, -1), [97, 10, 10, 1], 0, 64, 1], []], [[0, 1, (33, -35), (-3, 4), [446, 0, 0, 1], 0, 64, 1], []]]]]
commands: [1, 1, [256, 0, [512, 1, 64], [16, 128], [100, 10, 10, 1]], [7, [16, 128], [[[1, 0, (-46, 46), (-1, -1), [96, 10, 10, 1], 0, 64, 1], [[0, (1, -1)]]], [[0, 1, (30, -30), (-3, 5), [446, 0, 0, 1], 0, 64, 1], []]]]]
commands: [1, 1, [256, 0, [512, 1, 64], [16, 128], [100, 10, 10, 1]], [8, [16, 128], [[[1, 0, (-47, 45), (-1, -1), [95, 10, 10, 1], 0, 64, 1], [[0, (1, -1)]]], [[0, 1, (26, -24), (-4, 6), [446, 0, 0, 1], 0, 64, 1], []]]]]
commands: [1, 1, [256, 0, [512, 1, 64], [16, 128], [100, 10, 10, 1]], [9, [16, 128], [[[1, 0, (-48, 45), (-1, 0), [94, 10, 10, 1], 0, 64, 1], [[0, (1, -1)]]], [[0, 1, (21, -18), (-5, 6), [446, 0, 0, 1], 0, 64, 1], []]]]]
commands: [1, 2, [256, 0, [512, 1, 64], [16, 128], [100, 10, 10, 1]], [10, [16, 128], [[[1, 0, (-48, 45), (0, 0), [94, 10, 10, 1], 0, 64, 1], []], [[0, 1, (15, -12), (-6, 6), [0, 0, 0, 0], 0, 64, 1], []]]]]
