[1, 0, [256, 0, [512, 1, 64], [16, 128], [64, 48, 14, 1]], None]
[1, 1, [256, 0, [512, 1, 64], [16, 128], [64, 48, 14, 1]], [0, [16, 128], [[[1, 0, (48, 47), (0, 0), [64, 48, 14, 1], 0, 64, 1], None], [[0, 1, (-48, -47), (0, 0), [1, 1, 1, 1], 0, 64, 1], None]]]]
[1, 1, [256, 0, [512, 1, 64], [16, 128], [64, 48, 14, 1]], [1, [16, 128], [[[1, 0, (47, 47), (-1, 0), [64, 48, 14, 1], 0, 64, 1], [[2, (-47, -47), 10, 0, 4]]], [[0, 1, (-47, -47), (1, 0), [1, 1, 1, 1], 0, 64, 1], None]]]]
[1, 1, [256, 0, [512, 1, 64], [16, 128], [64, 48, 14, 1]], [2, [16, 128], [[[1, 0, (45, 46), (-2, -1), [64, 48, 14, 1], 0, 64, 1], [[2, (-45, -46), 10, 0, 4]]], [[0, 1, (-45, -46), (2, 1), [1, 1, 1, 1], 0, 64, 1], None]]]]
[1, 1, [256, 0, [512, 1, 64], [16, 128], [64, 48, 14, 1]], [3, [16, 128], [[[1, 0, (43, 44), (-2, -2), [64, 48, 14, 1], 0, 64, 1], [[2, (-43, -44), 10, 0, 4]]], [[0, 1, (-43, -44), (2, 2), [1, 1, 1, 1], 0, 64, 1], None]]]]
[1, 1, [256, 0, [512, 1, 64], [16, 128], [64, 48, 14, 1]], [4, [16, 128], [[[1, 0, (41, 41), (-2, -3), [64, 48, 14, 1], 0, 64, 1], [[2, (-41, -41), 10, 0, 4]]], [[0, 1, (-41, -41), (2, 3), [1, 1, 1, 1], 0, 64, 1], None]]]]
[1, 1, [256, 0, [512, 1, 64], [16, 128], [64, 48, 14, 1]], [5, [16, 128], [[[1, 0, (38, 37), (-3, -4), [64, 48, 14, 1], 0, 64, 1], [[2, (-38, -37), 10, 0, 4]]], [[0, 1, (-38, -37), (3, 4), [1, 1, 1, 1], 0, 64, 1], None]]]]
[1, 1, [256, 0, [512, 1, 64], [16, 128], [64, 48, 14, 1]], [6, [16, 128], [[[1, 0, (34, 33), (-4, -4), [64, 48, 14, 1], 0, 64, 1], [[2, (-34, -33), 10, 0, 4]]], [[0, 1, (-34, -33), (4, 4), [1, 1, 1, 1], 0, 64, 1], None]]]]
[1, 1, [256, 0, [512, 1, 64], [16, 128], [64, 48, 14, 1]], [7, [16, 128], [[[1, 0, (29, 29), (-5, -4), [64, 48, 14, 1], 0, 64, 1], [[2, (-29, -29), 10, 0, 4]]], [[0, 1, (-29, -29), (5, 4), [1, 1, 1, 1], 0, 64, 1], None]]]]
[1, 1, [256, 0, [512, 1, 64], [16, 128], [64, 48, 14, 1]], [8, [16, 128], [[[1, 0, (23, 24), (-6, -5), [64, 48, 14, 1], 0, 64, 1], [[2, (-23, -24), 10, 0, 4]]], [[0, 1, (-23, -24), (6, 5), [1, 1, 1, 1], 0, 64, 1], None]]]]
[1, 1, [256, 0, [512, 1, 64], [16, 128], [64, 48, 14, 1]], [9, [16, 128], [[[1, 0, (17, 18), (-6, -6), [64, 48, 14, 1], 0, 64, 1], [[2, (-17, -18), 10, 0, 4]]], [[0, 1, (-17, -18), (6, 6), [1, 1, 1, 1], 0, 64, 1], None]]]]
[1, 2, [256, 0, [512, 1, 64], [16, 128], [64, 48, 14, 1]], [10, [16, 128], [[[1, 0, (11, 11), (-6, -7), [0, 0, 0, 0], 0, 64, 1], None], [[0, 1, (-11, -11), (6, 7), [0, 0, 0, 0], 0, 64, 1], None]]]]
