[1, 0, [256, 0, [512, 1, 64], [16, 128], [200, 10, 10, 1]], None]
[1, 1, [256, 0, [512, 1, 64], [16, 128], [200, 10, 10, 1]], [0, [16, 128], [[[1, 0, (-17, -48), (0, 0), [200, 10, 10, 1], 0, 64, 1], None], [[0, 1, (17, 48), (0, 0), [200, 10, 10, 1], 0, 64, 1], None]]]]
[1, 1, [256, 0, [512, 1, 64], [16, 128], [200, 10, 10, 1]], [1, [16, 128], [[[1, 0, (-17, -47), (0, 1), [200, 10, 10, 1], 0, 64, 1], None], [[0, 1, (17, 48), (0, 0), [199, 10, 10, 1], 0, 64, 1], [[0, (0, -1)]]]]]]
[1, 1, [256, 0, [512, 1, 64], [16, 128], [200, 10, 10, 1]], [2, [16, 128], [[[1, 0, (-18, -46), (-1, 1), [199, 10, 10, 1], 0, 64, 1], [[0, (1, 1)]]], [[0, 1, (16, 48), (-1, 0), [198, 10, 10, 1], 0, 64, 1], [[0, (1, -1)]]]]]]
[1, 1, [256, 0, [512, 1, 64], [16, 128], [200, 10, 10, 1]], [3, [16, 128], [[[1, 0, (-20, -45), (-2, 1), [198, 10, 10, 1], 0, 64, 1], [[0, (1, 1)]]], [[0, 1, (14, 48), (-2, 0), [197, 10, 10, 1], 0, 64, 1], [[0, (1, -1)]]]]]]
[1, 1, [256, 0, [512, 1, 64], [16, 128], [200, 10, 10, 1]], [4, [16, 128], [[[1, 0, (-23, -44), (-3, 1), [197, 10, 10, 1], 0, 64, 1], [[0, (1, 1)]]], [[0, 1, (11, 48), (-3, 0), [196, 10, 10, 1], 0, 64, 1], [[0, (1, -1)]]]]]]
[1, 1, [256, 0, [512, 1, 64], [16, 128], [200, 10, 10, 1]], [5, [16, 128], [[[1, 0, (-27, -43), (-4, 1), [196, 10, 10, 1], 0, 64, 1], [[0, (1, 1)]]], [[0, 1, (8, 47), (-3, -1), [196, 10, 10, 1], 0, 64, 1], None]]]]
[1, 1, [256, 0, [512, 1, 64], [16, 128], [200, 10, 10, 1]], [6, [16, 128], [[[1, 0, (-32, -42), (-5, 1), [195, 10, 10, 1], 0, 64, 1], [[0, (1, 1)]]], [[0, 1, (5, 45), (-3, -2), [196, 10, 10, 1], 0, 64, 1], None]]]]
[1, 1, [256, 0, [512, 1, 64], [16, 128], [200, 10, 10, 1]], [7, [16, 128], [[[1, 0, (-38, -41), (-6, 1), [194, 10, 10, 1], 0, 64, 1], [[0, (1, 1)]]], [[0, 1, (2, 42), (-3, -3), [196, 10, 10, 1], 0, 64, 1], None]]]]
[1, 1, [256, 0, [512, 1, 64], [16, 128], [200, 10, 10, 1]], [8, [16, 128], [[[1, 0, (-45, -40), (-7, 1), [193, 10, 10, 1], 0, 64, 1], [[0, (1, 1)]]], [[0, 1, (-1, 38), (-3, -4), [196, 10, 10, 1], 0, 64, 1], None]]]]
[1, 1, [256, 0, [512, 1, 64], [16, 128], [200, 10, 10, 1]], [9, [16, 128], [[[1, 0, (-52, -40), (-7, 0), [192, 10, 10, 1], 0, 64, 1], [[0, (1, 1)]]], [[0, 1, (-4, 33), (-3, -5), [196, 10, 10, 1], 0, 64, 1], None]]]]
[1, 1, [256, 0, [512, 1, 64], [16, 128], [200, 10, 10, 1]], [10, [16, 128], [[[1, 0, (-58, -40), (-6, 0), [192, 10, 10, 1], 0, 64, 1], None], [[0, 1, (-7, 27), (-3, -6), [196, 10, 10, 1], 0, 64, 1], None]]]]
[1, 1, [256, 0, [512, 1, 64], [16, 128], [200, 10, 10, 1]], [11, [16, 128], [[[1, 0, (-63, -40), (-5, 0), [192, 10, 10, 1], 0, 64, 1], None], [[0, 1, (-10, 20), (-3, -7), [196, 10, 10, 1], 0, 64, 1], None]]]]
[1, 2, [256, 0, [512, 1, 64], [16, 128], [200, 10, 10, 1]], [12, [16, 128], [[[1, 0, (-67, -40), (-4, 0), [192, 10, 10, 1], 0, 64, 1], None], [[0, 1, (-13, 12), (-3, -8), [0, 0, 0, 0], 0, 64, 1], None]]]]
