[1, 0, [256, 0, [512, 1, 64], [16, 128], [200, 10, 10, 1]], None]
[1, 1, [256, 0, [512, 1, 64], [16, 128], [200, 10, 10, 1]], [0, [16, 128], [[[1, 0, (48, 10), (0, 0), [200, 10, 10, 1], 0, 64, 1], None], [[0, 1, (-48, -10), (0, 0), [30, 96, 8, 1], 0, 64, 1], None]]]]
[1, 1, [256, 0, [512, 1, 64], [16, 128], [200, 10, 10, 1]], [1, [16, 128], [[[1, 0, (47, 10), (-1, 0), [200, 10, 10, 1], 63, 64, 1], None], [[0, 1, (-47, -10), (1, 0), [6, 96, 8, 1], 64, 64, 1], [[2, (47, 10), 96, 73, 4]]]]]]
[1, 1, [256, 0, [512, 1, 64], [16, 128], [200, 10, 10, 1]], [2, [16, 128], [[[1, 0, (46, 11), (-1, 1), [199, 10, 10, 1], 61, 64, 1], [[0, (-1, -1)]]], [[0, 1, (-45, -10), (2, 0), [6, 96, 8, 1], 56, 64, 1], None]]]]
[1, 1, [256, 0, [512, 1, 64], [16, 128], [200, 10, 10, 1]], [3, [16, 128], [[[1, 0, (45, 13), (-1, 2), [198, 10, 10, 1], 59, 64, 1], [[0, (-1, -1)]]], [[0, 1, (-42, -10), (3, 0), [6, 96, 8, 1], 48, 64, 1], None]]]]
[1, 1, [256, 0, [512, 1, 64], [16, 128], [200, 10, 10, 1]], [4, [16, 128], [[[1, 0, (44, 16), (-1, 3), [197, 10, 10, 1], 57, 64, 1], [[0, (-1, -1)]]], [[0, 1, (-38, -10), (4, 0), [6, 96, 8, 1], 40, 64, 1], None]]]]
[1, 1, [256, 0, [512, 1, 64], [16, 128], [200, 10, 10, 1]], [5, [16, 128], [[[1, 0, (43, 20), (-1, 4), [196, 10, 10, 1], 55, 64, 1], [[0, (-1, -1)]]], [[0, 1, (-33, -10), (5, 0), [6, 96, 8, 1], 32, 64, 1], None]]]]
[1, 1, [256, 0, [512, 1, 64], [16, 128], [200, 10, 10, 1]], [6, [16, 128], [[[1, 0, (42, 25), (-1, 5), [195, 10, 10, 1], 53, 64, 1], [[0, (-1, -1)]]], [[0, 1, (-27, -10), (6, 0), [0, 46, 8, 1], 64, 64, 1], [[2, (41, 24), 96, 0, 4]]]]]]
[1, 1, [256, 0, [512, 1, 64], [16, 128], [200, 10, 10, 1]], [7, [16, 128], [[[1, 0, (41, 31), (-1, 6), [194, 10, 10, 1], 51, 64, 1], [[0, (-1, -1)]]], [[0, 1, (-20, -10), (7, 0), [0, 46, 8, 1], 56, 64, 1], None]]]]
[1, 2, [256, 0, [512, 1, 64], [16, 128], [200, 10, 10, 1]], [8, [16, 128], [[[1, 0, (40, 38), (-1, 7), [193, 10, 10, 1], 49, 64, 1], [[0, (-1, -1)]]], [[0, 1, (-12, -10), (8, 0), [0, 0, 0, 0], 56, 64, 1], None]]]]
