[1, 0, [256, 0, [512, 1, 64], [16, 128], [64, 64, 10, 4]], None]
[1, 1, [256, 0, [512, 1, 64], [16, 128], [64, 64, 10, 4]], [0, [16, 128], [[[1, 0, (-48, 6), (0, 0), [64, 64, 10, 4], 0, 64, 1], None], [[0, 1, (48, -6), (0, 0), [100, 10, 10, 1], 0, 64, 1], None]]]]
[1, 1, [256, 0, [512, 1, 64], [16, 128], [64, 64, 10, 4]], [1, [16, 128], [[[1, 0, (-47, 6), (1, 0), [32, 32, 5, 2], 0, 64, 1], [[3, [32, 32, 5, 2]]]], [[0, 1, (47, -6), (-1, 0), [100, 10, 10, 1], 0, 64, 1], None], [[1, 2, (-47, 6), (1, 0), [32, 32, 5, 2], 0, 64, 1], None]]]]
[1, 1, [256, 0, [512, 1, 64], [16, 128], [64, 64, 10, 4]], [2, [16, 128], [[[1, 0, (-46, 5), (1, -1), [31, 32, 5, 2], 3, 64, 1], [[0, (1, 1)]]], [[0, 1, (46, -7), (-1, -1), [99, 10, 10, 1], 0, 64, 1], [[0, (-1, 1)]]], [[1, 2, (-44, 7), (3, 1), [31, 32, 5, 2], 3, 64, 1], [[0, (-1, -1)]]]]]]
[1, 1, [256, 0, [512, 1, 64], [16, 128], [64, 64, 10, 4]], [3, [16, 128], [[[1, 0, (-45, 3), (1, -2), [30, 32, 5, 2], 6, 64, 1], [[0, (1, 1)]]], [[0, 1, (45, -9), (-1, -2), [98, 10, 10, 1], 0, 64, 1], [[0, (-1, 1)]]], [[1, 2, (-39, 9), (5, 2), [30, 32, 5, 2], 6, 64, 1], [[0, (-1, -1)]]]]]]
[1, 1, [256, 0, [512, 1, 64], [16, 128], [64, 64, 10, 4]], [4, [16, 128], [[[1, 0, (-44, 2), (1, -1), [29, 32, 5, 2], 9, 64, 1], [[0, (1, -1)]]], [[0, 1, (44, -12), (-1, -3), [97, 10, 10, 1], 0, 64, 1], [[0, (-1, 1)]]], [[1, 2, (-34, 12), (5, 3), [29, 32, 5, 2], 9, 64, 1], [[0, (1, -1)]]]]]]
[1, 1, [256, 0, [512, 1, 64], [16, 128], [64, 64, 10, 4]], [5, [16, 128], [[[1, 0, (-43, 2), (1, 0), [28, 32, 5, 2], 12, 64, 1], [[0, (1, -1)]]], [[0, 1, (43, -16), (-1, -4), [96, 10, 10, 1], 0, 64, 1], [[0, (-1, 1)]]], [[1, 2, (-29, 16), (5, 4), [28, 32, 5, 2], 12, 64, 1], [[0, (1, -1)]]]]]]
[1, 1, [256, 0, [512, 1, 64], [16, 128], [64, 64, 10, 4]], [6, [16, 128], [[[1, 0, (-42, 3), (1, 1), [27, 32, 5, 2], 15, 64, 1], [[0, (1, -1)]]], [[0, 1, (42, -21), (-1, -5), [95, 10, 10, 1], 0, 64, 1], [[0, (-1, 1)]]], [[1, 2, (-24, 21), (5, 5), [27, 32, 5, 2], 15, 64, 1], [[0, (1, -1)]]]]]]
[1, 1, [256, 0, [512, 1, 64], [16, 128], [64, 64, 10, 4]], [7, [16, 128], [[[1, 0, (-41, 5), (1, 2), [26, 32, 5, 2], 18, 64, 1], [[0, (1, -1)]]], [[0, 1, (41, -27), (-1, -6), [94, 10, 10, 1], 0, 64, 1], [[0, (-1, 1)]]], [[1, 2, (-19, 27), (5, 6), [26, 32, 5, 2], 18, 64, 1], [[0, (1, -1)]]]]]]
[1, 1, [256, 0, [512, 1, 64], [16, 128], [64, 64, 10, 4]], [8, [16, 128], [[[1, 0, (-40, 8), (1, 3), [25, 32, 5, 2], 21, 64, 1], [[0, (1, -1)]]], [[0, 1, (40, -34), (-1, -7), [93, 10, 10, 1], 0, 64, 1], [[0, (-1, 1)]]], [[1, 2, (-15, 33), (4, 6), [25, 32, 5, 2], 21, 64, 1], [[0, (1, -1)]]]]]]
[1, 1, [256, 0, [512, 1, 64], [16, 128], [64, 64, 10, 4]], [9, [16, 128], [[[1, 0, (-39, 12), (1, 4), [24, 32, 5, 2], 24, 64, 1], [[0, (1, -1)]]], [[0, 1, (39, -42), (-1, -8), [92, 10, 10, 1], 0, 64, 1], [[0, (-1, 1)]]], [[1, 2, (-12, 39), (3, 6), [24, 32, 5, 2], 24, 64, 1], [[0, (1, -1)]]]]]]
[1, 1, [256, 0, [512, 1, 64], [16, 128], [64, 64, 10, 4]], [10, [16, 128], [[[1, 0, (-38, 17), (1, 5), [23, 32, 5, 2], 27, 64, 1], [[0, (1, -1)]]], [[0, 1, (39, -50), (0, -8), [91, 10, 10, 1], 0, 64, 1], [[0, (-1, 1)]]], [[1, 2, (-10, 45), (2, 6), [23, 32, 5, 2], 27, 64, 1], [[0, (1, -1)]]]]]]
[1, 1, [256, 0, [512, 1, 64], [16, 128], [64, 64, 10, 4]], [11, [16, 128], [[[1, 0, (-37, 23), (1, 6), [22, 32, 5, 2], 30, 64, 1], [[0, (1, -1)]]], [[0, 1, (39, -57), (0, -7), [91, 10, 10, 1], 0, 64, 1], None], [[1, 2, (-9, 51), (1, 6), [22, 32, 5, 2], 30, 64, 1], [[0, (1, -1)]]]]]]
[1, 1, [256, 0, [512, 1, 64], [16, 128], [64, 64, 10, 4]], [12, [16, 128], [[[1, 0, (-36, 30), (1, 7), [21, 32, 5, 2], 33, 64, 1], [[0, (1, -1)]]], [[0, 1, (39, -63), (0, -6), [91, 10, 10, 1], 0, 64, 1], None], [[1, 2, (-8, 56), (1, 5), [22, 32, 5, 2], 25, 64, 1], None]]]]
[1, 1, [256, 0, [512, 1, 64], [16, 128], [64, 64, 10, 4]], [13, [16, 128], [[[1, 0, (-35, 38), (1, 8), [20, 32, 5, 2], 36, 64, 1], [[0, (1, -1)]]], [[0, 1, (39, -68), (0, -5), [91, 10, 10, 1], 0, 64, 1], None], [[1, 2, (-7, 60), (1, 4), [22, 32, 5, 2], 20, 64, 1], None]]]]
[1, 1, [256, 0, [512, 1, 64], [16, 128], [64, 64, 10, 4]], [14, [16, 128], [[[1, 0, (-35, 46), (0, 8), [19, 32, 5, 2], 39, 64, 1], [[0, (1, -1)]]], [[0, 1, (39, -72), (0, -4), [91, 10, 10, 1], 0, 64, 1], None], [[1, 2, (-6, 63), (1, 3), [22, 32, 5, 2], 15, 64, 1], None]]]]
[1, 1, [256, 0, [512, 1, 64], [16, 128], [64, 64, 10, 4]], [15, [16, 128], [[[1, 0, (-36, 54), (-1, 8), [18, 32, 5, 2], 42, 64, 1], [[0, (1, -1)]]], [[0, 1, (39, -75), (0, -3), [91, 10, 10, 1], 0, 64, 1], None], [[1, 2, (-5, 65), (1, 2), [22, 32, 5, 2], 10, 64, 1], None]]]]
[1, 1, [256, 0, [512, 1, 64], [16, 128], [64, 64, 10, 4]], [16, [16, 128], [[[1, 0, (-37, 61), (-1, 7), [18, 32, 5, 2], 37, 64, 1], None], [[0, 1, (39, -77), (0, -2), [91, 10, 10, 1], 0, 64, 1], None], [[1, 2, (-4, 66), (1, 1), [22, 32, 5, 2], 5, 64, 1], None]]]]
[1, 1, [256, 0, [512, 1, 64], [16, 128], [64, 64, 10, 4]], [17, [16, 128], [[[1, 0, (-38, 67), (-1, 6), [18, 32, 5, 2], 32, 64, 1], None], [[0, 1, (39, -78), (0, -1), [91, 10, 10, 1], 0, 64, 1], None], [[1, 2, (-3, 66), (1, 0), [22, 32, 5, 2], 0, 64, 1], None]]]]
[1, 1, [256, 0, [512, 1, 64], [16, 128], [64, 64, 10, 4]], [18, [16, 128], [[[1, 0, (-39, 72), (-1, 5), [18, 32, 5, 2], 27, 64, 1], None], [[0, 1, (39, -78), (0, 0), [91, 10, 10, 1], 0, 64, 1], None], [[1, 2, (-2, 65), (1, -1), [22, 32, 5, 2], 0, 64, 1], None]]]]
[1, 1, [256, 0, [512, 1, 64], [16, 128], [64, 64, 10, 4]], [19, [16, 128], [[[1, 0, (-40, 76), (-1, 4), [18, 32, 5, 2], 22, 64, 1], None], [[0, 1, (39, -77), (0, 1), [91, 10, 10, 1], 0, 64, 1], None], [[1, 2, (-1, 63), (1, -2), [22, 32, 5, 2], 0, 64, 1], None]]]]
[1, 1, [256, 0, [512, 1, 64], [16, 128], [64, 64, 10, 4]], [20, [16, 128], [[[1, 0, (-41, 79), (-1, 3), [18, 32, 5, 2], 17, 64, 1], None], [[0, 1, (39, -75), (0, 2), [91, 10, 10, 1], 0, 64, 1], None], [[1, 2, (0, 60), (1, -3), [22, 32, 5, 2], 0, 64, 1], None]]]]
[1, 1, [256, 0, [512, 1, 64], [16, 128], [64, 64, 10, 4]], [21, [16, 128], [[[1, 0, (-42, 81), (-1, 2), [18, 32, 5, 2], 12, 64, 1], None], [[0, 1, (39, -72), (0, 3), [91, 10, 10, 1], 0, 64, 1], None], [[1, 2, (1, 56), (1, -4), [22, 32, 5, 2], 0, 64, 1], None]]]]
[1, 1, [256, 0, [512, 1, 64], [16, 128], [64, 64, 10, 4]], [22, [16, 128], [[[1, 0, (-43, 82), (-1, 1), [18, 32, 5, 2], 7, 64, 1], None], [[0, 1, (39, -68), (0, 4), [91, 10, 10, 1], 0, 64, 1], None], [[1, 2, (2, 51), (1, -5), [22, 32, 5, 2], 0, 64, 1], None]]]]
[1, 1, [256, 0, [512, 1, 64], [16, 128], [64, 64, 10, 4]], [23, [16, 128], [[[1, 0, (-44, 82), (-1, 0), [18, 32, 5, 2], 2, 64, 1], None], [[0, 1, (39, -63), (0, 5), [91, 10, 10, 1], 0, 64, 1], None], [[1, 2, (3, 45), (1, -6), [22, 32, 5, 2], 0, 64, 1], None]]]]
[1, 1, [256, 0, [512, 1, 64], [16, 128], [64, 64, 10, 4]], [24, [16, 128], [[[1, 0, (-45, 81), (-1, -1), [18, 32, 5, 2], 0, 64, 1], None], [[0, 1, (39, -57), (0, 6), [91, 10, 10, 1], 0, 64, 1], None], [[1, 2, (5, 39), (2, -6), [21, 32, 5, 2], 3, 64, 1], [[0, (-1, -1)]]]]]]
[1, 1, [256, 0, [512, 1, 64], [16, 128], [64, 64, 10, 4]], [25, [16, 128], [[[1, 0, (-46, 79), (-1, -2), [18, 32, 5, 2], 0, 64, 1], None], [[0, 1, (39, -50), (0, 7), [91, 10, 10, 1], 0, 64, 1], None], [[1, 2, (8, 33), (3, -6), [20, 32, 5, 2], 6, 64, 1], [[0, (-1, -1)]]]]]]
[1, 1, [256, 0, [512, 1, 64], [16, 128], [64, 64, 10, 4]], [26, [16, 128], [[[1, 0, (-47, 76), (-1, -3), [18, 32, 5, 2], 0, 64, 1], None], [[0, 1, (39, -42), (0, 8), [91, 10, 10, 1], 0, 64, 1], None], [[1, 2, (12, 27), (4, -6), [19, 32, 5, 2], 9, 64, 1], [[0, (-1, -1)]]]]]]
[1, 1, [256, 0, [512, 1, 64], [16, 128], [64, 64, 10, 4]], [27, [16, 128], [[[1, 0, (-48, 72), (-1, -4), [18, 32, 5, 2], 0, 64, 1], None], [[0, 1, (40, -34), (1, 8), [90, 10, 10, 1], 0, 64, 1], [[0, (-1, 1)]]], [[1, 2, (17, 21), (5, -6), [18, 32, 5, 2], 12, 64, 1], [[0, (-1, -1)]]]]]]
[1, 1, [256, 0, [512, 1, 64], [16, 128], [64, 64, 10, 4]], [28, [16, 128], [[[1, 0, (-49, 67), (-1, -5), [18, 32, 5, 2], 0, 64, 1], None], [[0, 1, (41, -27), (1, 7), [89, 10, 10, 1], 0, 64, 1], [[0, (-1, 1)]]], [[1, 2, (23, 15), (6, -6), [17, 32, 5, 2], 15, 64, 1], [[0, (-1, -1)]]]]]]
[1, 1, [256, 0, [512, 1, 64], [16, 128], [64, 64, 10, 4]], [29, [16, 128], [[[1, 0, (-50, 61), (-1, -6), [18, 32, 5, 2], 0, 64, 1], None], [[0, 1, (42, -21), (1, 6), [88, 10, 10, 1], 0, 64, 1], [[0, (-1, 1)]]], [[1, 2, (29, 10), (6, -5), [16, 32, 5, 2], 18, 64, 1], [[0, (-1, -1)]]]]]]
[1, 1, [256, 0, [512, 1, 64], [16, 128], [64, 64, 10, 4]], [30, [16, 128], [[[1, 0, (-51, 54), (-1, -7), [18, 32, 5, 2], 0, 64, 1], None], [[0, 1, (43, -16), (1, 5), [87, 10, 10, 1], 0, 64, 1], [[0, (-1, 1)]]], [[1, 2, (35, 6), (6, -4), [15, 32, 5, 2], 21, 64, 1], [[0, (-1, -1)]]]]]]
[1, 1, [256, 0, [512, 1, 64], [16, 128], [64, 64, 10, 4]], [31, [16, 128], [[[1, 0, (-52, 46), (-1, -8), [18, 32, 5, 2], 0, 64, 1], None], [[0, 1, (44, -12), (1, 4), [86, 10, 10, 1], 0, 64, 1], [[0, (-1, 1)]]], [[1, 2, (41, 3), (6, -3), [14, 32, 5, 2], 24, 64, 1], [[0, (-1, -1)]]]]]]
[1, 1, [256, 0, [512, 1, 64], [16, 128], [64, 64, 10, 4]], [32, [16, 128], [[[1, 0, (-52, 38), (0, -8), [18, 32, 5, 2], 0, 64, 1], None], [[0, 1, (45, -9), (1, 3), [85, 10, 10, 1], 0, 64, 1], [[0, (-1, 1)]]], [[1, 2, (47, 1), (6, -2), [13, 32, 5, 2], 27, 64, 1], [[0, (-1, -1)]]]]]]
[1, 1, [256, 0, [512, 1, 64], [16, 128], [64, 64, 10, 4]], [33, [16, 128], [[[1, 0, (-51, 30), (1, -8), [18, 32, 5, 2], 0, 64, 1], None], [[0, 1, (46, -7), (1, 2), [84, 10, 10, 1], 0, 64, 1], [[0, (-1, 1)]]], [[1, 2, (53, 0), (6, -1), [12, 32, 5, 2], 30, 64, 1], [[0, (-1, -1)]]]]]]
[1, 1, [256, 0, [512, 1, 64], [16, 128], [64, 64, 10, 4]], [34, [16, 128], [[[1, 0, (-49, 22), (2, -8), [18, 32, 5, 2], 0, 64, 1], None], [[0, 1, (47, -6), (1, 1), [83, 10, 10, 1], 0, 64, 1], [[0, (-1, 1)]]], [[1, 2, (58, -1), (5, -1), [12, 32, 5, 2], 25, 64, 1], None]]]]
[1, 1, [256, 0, [512, 1, 64], [16, 128], [64, 64, 10, 4]], [35, [16, 128], [[[1, 0, (-46, 14), (3, -8), [18, 32, 5, 2], 0, 64, 1], None], [[0, 1, (48, -6), (1, 0), [82, 10, 10, 1], 0, 64, 1], [[0, (-1, 1)]]], [[1, 2, (62, -2), (4, -1), [12, 32, 5, 2], 20, 64, 1], None]]]]
[1, 1, [256, 0, [512, 1, 64], [16, 128], [64, 64, 10, 4]], [36, [16, 128], [[[1, 0, (-43, 7), (3, -7), [17, 32, 5, 2], 3, 64, 1], [[0, (1, -1)]]], [[0, 1, (48, -6), (0, 0), [82, 10, 10, 1], 0, 64, 1], None], [[1, 2, (65, -3), (3, -1), [12, 32, 5, 2], 15, 64, 1], None]]]]
[1, 1, [256, 0, [512, 1, 64], [16, 128], [64, 64, 10, 4]], [37, [16, 128], [[[1, 0, (-40, 1), (3, -6), [16, 32, 5, 2], 6, 64, 1], [[0, (1, -1)]]], [[0, 1, (47, -6), (-1, 0), [82, 10, 10, 1], 0, 64, 1], None], [[1, 2, (67, -4), (2, -1), [12, 32, 5, 2], 10, 64, 1], None]]]]
[1, 1, [256, 0, [512, 1, 64], [16, 128], [64, 64, 10, 4]], [38, [16, 128], [[[1, 0, (-37, -4), (3, -5), [15, 32, 5, 2], 9, 64, 1], [[0, (1, -1)]]], [[0, 1, (46, -7), (-1, -1), [81, 10, 10, 1], 0, 64, 1], [[0, (-1, 1)]]], [[1, 2, (68, -5), (1, -1), [12, 32, 5, 2], 5, 64, 1], None]]]]
[1, 1, [256, 0, [512, 1, 64], [16, 128], [64, 64, 10, 4]], [39, [16, 128], [[[1, 0, (-34, -10), (3, -6), [14, 32, 5, 2], 12, 64, 1], [[0, (1, 1)]]], [[0, 1, (45, -9), (-1, -2), [80, 10, 10, 1], 0, 64, 1], [[0, (-1, 1)]]], [[1, 2, (68, -6), (0, -1), [12, 32, 5, 2], 0, 64, 1], None]]]]
[1, 1, [256, 0, [512, 1, 64], [16, 128], [64, 64, 10, 4]], [40, [16, 128], [[[1, 0, (-31, -17), (3, -7), [13, 32, 5, 2], 15, 64, 1], [[0, (1, 1)]]], [[0, 1, (44, -12), (-1, -3), [79, 10, 10, 1], 0, 64, 1], [[0, (-1, 1)]]], [[1, 2, (67, -7), (-1, -1), [12, 32, 5, 2], 0, 64, 1], None]]]]
[1, 1, [256, 0, [512, 1, 64], [16, 128], [64, 64, 10, 4]], [41, [16, 128], [[[1, 0, (-28, -25), (3, -8), [12, 32, 5, 2], 18, 64, 1], [[0, (1, 1)]]], [[0, 1, (43, -16), (-1, -4), [78, 10, 10, 1], 0, 64, 1], [[0, (-1, 1)]]], [[1, 2, (65, -8), (-2, -1), [12, 32, 5, 2], 0, 64, 1], None]]]]
[1, 1, [256, 0, [512, 1, 64], [16, 128], [64, 64, 10, 4]], [42, [16, 128], [[[1, 0, (-25, -34), (3, -9), [11, 32, 5, 2], 21, 64, 1], [[0, (1, 1)]]], [[0, 1, (42, -21), (-1, -5), [77, 10, 10, 1], 0, 64, 1], [[0, (-1, 1)]]], [[1, 2, (62, -9), (-3, -1), [12, 32, 5, 2], 0, 64, 1], None]]]]
[1, 1, [256, 0, [512, 1, 64], [16, 128], [64, 64, 10, 4]], [43, [16, 128], [[[1, 0, (-23, -43), (2, -9), [10, 32, 5, 2], 24, 64, 1], [[0, (1, 1)]]], [[0, 1, (41, -27), (-1, -6), [76, 10, 10, 1], 0, 64, 1], [[0, (-1, 1)]]], [[1, 2, (58, -10), (-4, -1), [12, 32, 5, 2], 0, 64, 1], None]]]]
[1, 1, [256, 0, [512, 1, 64], [16, 128], [64, 64, 10, 4]], [44, [16, 128], [[[1, 0, (-22, -52), (1, -9), [9, 32, 5, 2], 27, 64, 1], [[0, (1, 1)]]], [[0, 1, (40, -34), (-1, -7), [75, 10, 10, 1], 0, 64, 1], [[0, (-1, 1)]]], [[1, 2, (53, -11), (-5, -1), [12, 32, 5, 2], 0, 64, 1], None]]]]
[1, 1, [256, 0, [512, 1, 64], [16, 128], [64, 64, 10, 4]], [45, [16, 128], [[[1, 0, (-21, -60), (1, -8), [9, 32, 5, 2], 22, 64, 1], None], [[0, 1, (39, -42), (-1, -8), [74, 10, 10, 1], 0, 64, 1], [[0, (-1, 1)]]], [[1, 2, (47, -12), (-6, -1), [12, 32, 5, 2], 0, 64, 1], None]]]]
[1, 1, [256, 0, [512, 1, 64], [16, 128], [64, 64, 10, 4]], [46, [16, 128], [[[1, 0, (-20, -67), (1, -7), [9, 32, 5, 2], 17, 64, 1], None], [[0, 1, (39, -50), (0, -8), [73, 10, 10, 1], 0, 64, 1], [[0, (-1, 1)]]], [[1, 2, (41, -14), (-6, -2), [11, 32, 5, 2], 3, 64, 1], [[0, (-1, 1)]]]]]]
[1, 1, [256, 0, [512, 1, 64], [16, 128], [64, 64, 10, 4]], [47, [16, 128], [[[1, 0, (-19, -73), (1, -6), [9, 32, 5, 2], 12, 64, 1], None], [[0, 1, (39, -57), (0, -7), [73, 10, 10, 1], 0, 64, 1], None], [[1, 2, (35, -17), (-6, -3), [10, 32, 5, 2], 6, 64, 1], [[0, (-1, 1)]]]]]]
[1, 1, [256, 0, [512, 1, 64], [16, 128], [64, 64, 10, 4]], [48, [16, 128], [[[1, 0, (-18, -78), (1, -5), [9, 32, 5, 2], 7, 64, 1], None], [[0, 1, (39, -63), (0, -6), [73, 10, 10, 1], 0, 64, 1], None], [[1, 2, (29, -21), (-6, -4), [9, 32, 5, 2], 9, 64, 1], [[0, (-1, 1)]]]]]]
[1, 1, [256, 0, [512, 1, 64], [16, 128], [64, 64, 10, 4]], [49, [16, 128], [[[1, 0, (-17, -82), (1, -4), [9, 32, 5, 2], 2, 64, 1], None], [[0, 1, (39, -68), (0, -5), [73, 10, 10, 1], 0, 64, 1], None], [[1, 2, (23, -26), (-6, -5), [8, 32, 5, 2], 12, 64, 1], [[0, (-1, 1)]]]]]]
[1, 1, [256, 0, [512, 1, 64], [16, 128], [64, 64, 10, 4]], [50, [16, 128], [[[1, 0, (-16, -85), (1, -3), [9, 32, 5, 2], 0, 64, 1], None], [[0, 1, (39, -72), (0, -4), [73, 10, 10, 1], 0, 64, 1], None], [[1, 2, (18, -31), (-5, -5), [7, 32, 5, 2], 15, 64, 1], [[0, (-1, 1)]]]]]]
[1, 1, [256, 0, [512, 1, 64], [16, 128], [64, 64, 10, 4]], [51, [16, 128], [[[1, 0, (-15, -87), (1, -2), [9, 32, 5, 2], 0, 64, 1], None], [[0, 1, (39, -75), (0, -3), [73, 10, 10, 1], 0, 64, 1], None], [[1, 2, (14, -36), (-4, -5), [6, 32, 5, 2], 18, 64, 1], [[0, (-1, 1)]]]]]]
[1, 1, [256, 0, [512, 1, 64], [16, 128], [64, 64, 10, 4]], [52, [16, 128], [[[1, 0, (-14, -88), (1, -1), [9, 32, 5, 2], 0, 64, 1], None], [[0, 1, (39, -77), (0, -2), [73, 10, 10, 1], 0, 64, 1], None], [[1, 2, (11, -41), (-3, -5), [5, 32, 5, 2], 21, 64, 1], [[0, (-1, 1)]]]]]]
