[1, 0, [256, 0, [512, 1, 64], [16, 128], [64, 48, 14, 1]], None]
[1, 1, [256, 0, [512, 1, 64], [16, 128], [64, 48, 14, 1]], [0, [16, 128], [[[1, 0, (48, -35), (0, 0), [64, 48, 14, 1], 0, 64, 1], None], [[0, 1, (-48, 35), (0, 0), [1, 1, 1, 1], 0, 64, 1], None]]]]
[1, 1, [256, 0, [512, 1, 64], [16, 128], [64, 48, 14, 1]], [1, [16, 128], [[[1, 0, (47, -35), (-1, 0), [64, 48, 14, 1], 34, 64, 1], [[2, (-47, 35), 48, 0, 4]]], [[0, 1, (-47, 35), (1, 0), [1, 1, 1, 1], 0, 64, 1], None]]]]
[1, 1, [256, 0, [512, 1, 64], [16, 128], [64, 48, 14, 1]], [2, [16, 128], [[[1, 0, (45, -35), (-2, 0), [64, 48, 14, 1], 20, 64, 1], None], [[0, 1, (-45, 35), (2, 0), [1, 1, 1, 1], 0, 64, 1], None]]]]
[1, 1, [256, 0, [512, 1, 64], [16, 128], [64, 48, 14, 1]], [3, [16, 128], [[[1, 0, (42, -35), (-3, 0), [64, 48, 14, 1], 54, 64, 1], [[2, (-42, 35), 48, 13, 4]]], [[0, 1, (-42, 35), (3, 0), [1, 1, 1, 1], 12, 64, 1], None]]]]
[1, 1, [256, 0, [512, 1, 64], [16, 128], [64, 48, 14, 1]], [4, [16, 128], [[[1, 0, (38, -35), (-4, 0), [64, 48, 14, 1], 40, 64, 1], None], [[0, 1, (-38, 35), (4, 0), [1, 1, 1, 1], 11, 64, 1], None]]]]
[1, 1, [256, 0, [512, 1, 64], [16, 128], [64, 48, 14, 1]], [5, [16, 128], [[[1, 0, (33, -35), (-5, 0), [64, 48, 14, 1], 26, 64, 1], None], [[0, 1, (-33, 35), (5, 0), [1, 1, 1, 1], 10, 64, 1], None]]]]
[1, 1, [256, 0, [512, 1, 64], [16, 128], [64, 48, 14, 1]], [6, [16, 128], [[[1, 0, (28, -34), (-5, 1), [64, 48, 14, 1], 60, 64, 1], [[2, (-28, 34), 48, 27, 4]]], [[0, 1, (-28, 34), (5, -1), [1, 1, 1, 1], 36, 64, 1], None]]]]
[1, 1, [256, 0, [512, 1, 64], [16, 128], [64, 48, 14, 1]], [7, [16, 128], [[[1, 0, (23, -32), (-5, 2), [64, 48, 14, 1], 46, 64, 1], None], [[0, 1, (-23, 32), (5, -2), [1, 1, 1, 1], 35, 64, 1], None]]]]
[1, 1, [256, 0, [512, 1, 64], [16, 128], [64, 48, 14, 1]], [8, [16, 128], [[[1, 0, (18, -29), (-5, 3), [64, 48, 14, 1], 32, 64, 1], None], [[0, 1, (-18, 29), (5, -3), [1, 1, 1, 1], 34, 64, 1], None]]]]
[1, 1, [256, 0, [512, 1, 64], [16, 128], [64, 48, 14, 1]], [9, [16, 128], [[[1, 0, (13, -25), (-5, 4), [62, 48, 14, 1], 64, 64, 1], [[2, (-13, 25), 48, 0, 4]]], [[0, 1, (-13, 25), (5, -4), [1, 1, 1, 1], 33, 64, 1], None]]]]
[1, 1, [256, 0, [512, 1, 64], [16, 128], [64, 48, 14, 1]], [10, [16, 128], [[[1, 0, (8, -20), (-5, 5), [62, 48, 14, 1], 50, 64, 1], None], [[0, 1, (-8, 20), (5, -5), [1, 1, 1, 1], 32, 64, 1], None]]]]
[1, 2, [256, 0, [512, 1, 64], [16, 128], [64, 48, 14, 1]], [11, [16, 128], [[[1, 0, (3, -14), (-5, 6), [0, 0, 0, 0], 50, 64, 1], None], [[0, 1, (-3, 14), (5, -6), [0, 0, 0, 0], 32, 64, 1], None]]]]
