join: [1, 0, [256, 0, [512, 1, 64], [16, 128], [64, 48, 14, 1]], None]
start: [1, 1, [256, 0, [512, 1, 64], [16, 128], [64, 48, 14, 1]], [0, [16, 128], [[[1, 0, (-48, 19), (0, 0), [64, 48, 14, 1], 0, 64, 1], None], [[0, 1, (48, -19), (0, 0), [100, 10, 10, 1], 0, 64, 1], None]]]]
commands: [1, 1, [256, 0, [512, 1, 64], [16, 128], [64, 48, 14, 1]], [1, [16, 128], [[[1, 0, (-47, 19), (1, 0), [64, 48, 14, 1], 34, 64, 1], [[2, (48, -19), 48, 0, 4]]], [[0, 1, (47, -19), (-1, 0), [100, 10, 10, 1], 0, 64, 1], None]]]]
commands: [1, 1, [256, 0, [512, 1, 64], [16, 128], [64, 48, 14, 1]], [2, [16, 128], [[[1, 0, (-45, 19), (2, 0), [60, 48, 14, 1], 64, 64, 1], [[2, (46, -19), 48, 0, 4]]], [[0, 1, (46, -20), (-1, -1), [99, 10, 10, 1], 0, 64, 1], [[0, (-1, 1)]]]]]]
commands: [1, 1, [256, 0, [512, 1, 64], [16, 128], [64, 48, 14, 1]], [3, [16, 128], [[[1, 0, (-42, 19), (3, 0), [26, 48, 14, 1], 64, 64, 1], [[2, (45, -21), 48, 0, 4]]], [[0, 1, (45, -22), (-1, -2), [98, 10, 10, 1], 0, 64, 1], [[0, (-1, 1)]]]]]]
commands: [1, 1, [256, 0, [512, 1, 64], [16, 128], [64, 48, 14, 1]], [4, [16, 128], [[[1, 0, (-38, 19), (4, 0), [0, 40, 14, 1], 64, 64, 1], [[2, (44, -24), 48, 0, 4]]], [[0, 1, (44, -25), (-1, -3), [97, 10, 10, 1], 0, 64, 1], [[0, (-1, 1)]]]]]]
commands: [1, 1, [256, 0, [512, 1, 64], [16, 128], [64, 48, 14, 1]], [5, [16, 128], [[[1, 0, (-33, 19), (5, 0), [0, 14, 14, 1], 64, 64, 1], [[2, (43, -28), 40, 0, 4]]], [[0, 1, (43, -29), (-1, -4), [96, 10, 10, 1], 0, 64, 1], [[0, (-1, 1)]]]]]]
commands: [1, 1, [256, 0, [512, 1, 64], [16, 128], [64, 48, 14, 1]], [6, [16, 128], [[[1, 0, (-27, 19), (6, 0), [0, 14, 14, 1], 64, 64, 1], [[2, (42, -33), 14, 0, 4]]], [[0, 1, (42, -34), (-1, -5), [95, 10, 10, 1], 0, 64, 1], [[0, (-1, 1)]]]]]]
commands: [1, 1, [256, 0, [512, 1, 64], [16, 128], [64, 48, 14, 1]], [7, [16, 128], [[[1, 0, (-20, 19), (7, 0), [0, 14, 14, 1], 64, 64, 1], [[2, (41, -39), 14, 0, 4]]], [[0, 1, (41, -40), (-1, -6), [94, 10, 10, 1], 0, 64, 1], [[0, (-1, 1)]]]]]]
commands: [1, 1, [256, 0, [512, 1, 64], [16, 128], [64, 48, 14, 1]], [8, [16, 128], [[[1, 0, (-12, 19), (8, 0), [0, 14, 14, 1], 64, 64, 1], [[2, (40, -46), 14, 0, 4]]], [[0, 1, (40, -47), (-1, -7), [93, 10, 10, 1], 0, 64, 1], [[0, (-1, 1)]]]]]]
commands: [1, 1, [256, 0, [512, 1, 64], [16, 128], [64, 48, 14, 1]], [9, [16, 128], [[[1, 0, (-4, 18), (8, -1), [0, 14, 14, 1], 64, 64, 1], [[2, (39, -54), 14, 0, 4]]], [[0, 1, (40, -54), (0, -7), [92, 10, 10, 1], 0, 64, 1], [[0, (-1, 1)]]]]]]
commands: [1, 2, [256, 0, [512, 1, 64], [16, 128], [64, 48, 14, 1]], [10, [16, 128], [[[1, 0, (4, 16), (8, -2), [0, 0, 0, 0], 64, 64, 1], None], [[0, 1, (40, -60), (0, -6), [92, 10, 10, 1], 0, 64, 1], None]]]]
