join: [1, 0, [256, 1, [448, 1, 64], [16, 128], []], []]
start: [1, 1, [256, 1, [448, 1, 64], [16, 128], []], [0, [16, 128], [[[1, 0, [26, 48], [0, 0], [446, 0, 0, 1], 0, 64, 1], []], [[0, 1, [-26, -48], [0, 0], [446, 0, 0, 1], 0, 64, 1], []]]]]
commands: [1, 1, [256, 1, [448, 1, 64], [16, 128], []], [1, [16, 128], [[[1, 0, [26, 47], [0, -1], [446, 0, 0, 1], 0, 64, 1], []], [[0, 1, [-26, -47], [0, 1], [446, 0, 0, 1], 0, 64, 1], []]]]]
commands: [1, 1, [256, 1, [448, 1, 64], [16, 128], []], [2, [16, 128], [[[1, 0, [26, 45], [0, -2], [446, 0, 0, 1], 0, 64, 1], []], [[0, 1, [-26, -45], [0, 2], [446, 0, 0, 1], 0, 64, 1], []]]]]
commands: [1, 1, [256, 1, [448, 1, 64], [16, 128], []], [3, [16, 128], [[[1, 0, [26, 42], [0, -3], [446, 0, 0, 1], 0, 64, 1], []], [[0, 1, [-26, -42], [0, 3], [446, 0, 0, 1], 0, 64, 1], []]]]]
commands: [1, 1, [256, 1, [448, 1, 64], [16, 128], []], [4, [16, 128], [[[1, 0, [26, 38], [0, -4], [446, 0, 0, 1], 0, 64, 1], []], [[0, 1, [-26, -38], [0, 4], [446, 0, 0, 1], 0, 64, 1], []]]]]
commands: [1, 1, [256, 1, [448, 1, 64], [16, 128], []], [5, [16, 128], [[[1, 0, [26, 33], [0, -5], [446, 0, 0, 1], 0, 64, 1], []], [[0, 1, [-26, -33], [0, 5], [446, 0, 0, 1], 0, 64, 1], []]]]]
commands: [1, 1, [256, 1, [448, 1, 64], [16, 128], []], [6, [16, 128], [[[1, 0, [26, 27], [0, -6], [446, 0, 0, 1], 0, 64, 1], []], [[0, 1, [-26, -27], [0, 6], [446, 0, 0, 1], 0, 64, 1], []]]]]
commands: [1, 1, [256, 1, [448, 1, 64], [16, 128], []], [7, [16, 128], [[[1, 0, [26, 20], [0, -7], [446, 0, 0, 1], 0, 64, 1], []], [[0, 1, [-26, -20], [0, 7], [446, 0, 0, 1], 0, 64, 1], []]]]]
commands: [1, 1, [256, 1, [448, 1, 64], [16, 128], []], [8, [16, 128], [[[1, 0, [25, 13], [-1, -7], [446, 0, 0, 1], 0, 64, 1], []], [[0, 1, [-25, -13], [1, 7], [446, 0, 0, 1], 0, 64, 1], []]]]]
