[1, 0, [256, 0, [512, 1, 64], [16, 128], [200, 10, 10, 1]], None]
[1, 1, [256, 0, [512, 1, 64], [16, 128], [200, 10, 10, 1]], [0, [16, 128], [[[1, 0, (-48, 16), (0, 0), [200, 10, 10, 1], 0, 64, 1], None], [[0, 1, (48, -16), (0, 0), [134, 64, 10, 1], 0, 64, 1], None]]]]
[1, 1, [256, 0, [512, 1, 64], [16, 128], [200, 10, 10, 1]], [1, [16, 128], [[[1, 0, (-47, 16), (1, 0), [200, 10, 10, 1], 0, 64, 1], None], [[0, 1, (47, -16), (-1, 0), [134, 64, 10, 1], 0, 64, 1], None]]]]
[1, 1, [256, 0, [512, 1, 64], [16, 128], [200, 10, 10, 1]], [2, [16, 128], [[[1, 0, (-46, 17), (1, 1), [199, 10, 10, 1], 0, 64, 1], [[0, (1, -1)]]], [[0, 1, (45, -16), (-2, 0), [134, 64, 10, 1], 0, 64, 1], None]]]]
[1, 1, [256, 0, [512, 1, 64], [16, 128], [200, 10, 10, 1]], [3, [16, 128], [[[1, 0, (-45, 19), (1, 2), [198, 10, 10, 1], 0, 64, 1], [[0, (1, -1)]]], [[0, 1, (42, -16), (-3, 0), [134, 64, 10, 1], 0, 64, 1], None]]]]
[1, 1, [256, 0, [512, 1, 64], [16, 128], [200, 10, 10, 1]], [4, [16, 128], [[[1, 0, (-44, 22), (1, 3), [197, 10, 10, 1], 0, 64, 1], [[0, (1, -1)]]], [[0, 1, (38, -16), (-4, 0), [134, 64, 10, 1], 0, 64, 1], None]]]]
[1, 1, [256, 0, [512, 1, 64], [16, 128], [200, 10, 10, 1]], [5, [16, 128], [[[1, 0, (-43, 26), (1, 4), [196, 10, 10, 1], 0, 64, 1], [[0, (1, -1)]]], [[0, 1, (33, -16), (-5, 0), [134, 64, 10, 1], 0, 64, 1], None]]]]
[1, 1, [256, 0, [512, 1, 64], [16, 128], [200, 10, 10, 1]], [6, [16, 128], [[[1, 0, (-42, 31), (1, 5), [195, 10, 10, 1], 0, 64, 1], [[0, (1, -1)]]], [[0, 1, (27, -16), (-6, 0), [134, 64, 10, 1], 0, 64, 1], None]]]]
[1, 1, [256, 0, [512, 1, 64], [16, 128], [200, 10, 10, 1]], [7, [16, 128], [[[1, 0, (-41, 37), (1, 6), [194, 10, 10, 1], 0, 64, 1], [[0, (1, -1)]]], [[0, 1, (20, -16), (-7, 0), [134, 64, 10, 1], 0, 64, 1], None]]]]
[1, 2, [256, 0, [512, 1, 64], [16, 128], [200, 10, 10, 1]], [8, [16, 128], [[[1, 0, (-40, 44), (1, 7), [193, 10, 10, 1], 0, 64, 1], [[0, (1, -1)]]], [[0, 1, (12, -16), (-8, 0), [0, 0, 0, 0], 0, 64, 1], None]]]]
