join: [1, 0, [256, 1, [448, 1, 64], [16, 128], []], []]
start: [1, 1, [256, 1, [448, 1, 64], [16, 128], []], [0, [16, 128], [[[1, 0, [-48, -12], [0, 0], [446, 0, 0, 1], 0, 64, 1], []], [[0, 1, [48, 12], [0, 0], [446, 0, 0, 1], 0, 64, 1], []]]]]
commands: [1, 1, [256, 1, [448, 1, 64], [16, 128], []], [1, [16, 128], [[[1, 0, [-47, -12], [1, 0], [446, 0, 0, 1], 0, 64, 1], []], [[0, 1, [47, 12], [-1, 0], [446, 0, 0, 1], 0, 64, 1], []]]]]
commands: [1, 1, [256, 1, [448, 1, 64], [16, 128], []], [2, [16, 128], [[[1, 0, [-45, -12], [2, 0], [446, 0, 0, 1], 0, 64, 1], []], [[0, 1, [45, 12], [-2, 0], [446, 0, 0, 1], 0, 64, 1], []]]]]
commands: [1, 1, [256, 1, [448, 1, 64], [16, 128], []], [3, [16, 128], [[[1, 0, [-42, -12], [3, 0], [446, 0, 0, 1], 0, 64, 1], []], [[0, 1, [42, 12], [-3, 0], [446, 0, 0, 1], 0, 64, 1], []]]]]
commands: [1, 1, [256, 1, [448, 1, 64], [16, 128], []], [4, [16, 128], [[[1, 0, [-38, -12], [4, 0], [446, 0, 0, 1], 0, 64, 1], []], [[0, 1, [38, 12], [-4, 0], [446, 0, 0, 1], 0, 64, 1], []]]]]
commands: [1, 1, [256, 1, [448, 1, 64], [16, 128], []], [5, [16, 128], [[[1, 0, [-33, -12], [5, 0], [446, 0, 0, 1], 0, 64, 1], []], [[0, 1, [33, 12], [-5, 0], [446, 0, 0, 1], 0, 64, 1], []]]]]
commands: [1, 1, [256, 1, [448, 1, 64], [16, 128], []], [6, [16, 128], [[[1, 0, [-27, -12], [6, 0], [446, 0, 0, 1], 0, 64, 1], []], [[0, 1, [27, 12], [-6, 0], [446, 0, 0, 1], 0, 64, 1], []]]]]
commands: [1, 1, [256, 1, [448, 1, 64], [16, 128], []], [7, [16, 128], [[[1, 0, [-20, -12], [7, 0], [446, 0, 0, 1], 0, 64, 1], []], [[0, 1, [20, 12], [-7, 0], [446, 0, 0, 1], 0, 64, 1], []]]]]
commands: [1, 2, [256, 1, [448, 1, 64], [16, 128], []], [8, [16, 128], [[[1, 0, [-12, -12], [8, 0], [0, 0, 0, 0], 0, 64, 1], []], [[0, 1, [12, 12], [-8, 0], [0, 0, 0, 0], 0, 64, 1], []]]]]
