[1, 0, [256, 0, [512, 1, 64], [16, 128], [64, 48, 14, 1]], None]
[1, 1, [256, 0, [512, 1, 64], [16, 128], [64, 48, 14, 1]], [0, [16, 128], [[[1, 0, (27, 48), (0, 0), [64, 48, 14, 1], 0, 64, 1], None], [[0, 1, (-27, -48), (0, 0), [100, 10, 10, 1], 0, 64, 1], None]]]]
[1, 1, [256, 0, [512, 1, 64], [16, 128], [64, 48, 14, 1]], [1, [16, 128], [[[1, 0, (27, 47), (0, -1), [64, 48, 14, 1], 34, 64, 1], [[2, (-27, -48), 48, 0, 4]]], [[0, 1, (-27, -47), (0, 1), [100, 10, 10, 1], 0, 64, 1], None]]]]
[1, 1, [256, 0, [512, 1, 64], [16, 128], [64, 48, 14, 1]], [2, [16, 128], [[[1, 0, (28, 46), (1, -1), [51, 48, 14, 1], 64, 64, 1], [[0, (-1, -1)], [2, (-27, -46), 48, 0, 4]]], [[0, 1, (-28, -46), (-1, 1), [99, 10, 10, 1], 0, 64, 1], [[0, (1, 1)]]]]]]
[1, 1, [256, 0, [512, 1, 64], [16, 128], [64, 48, 14, 1]], [3, [16, 128], [[[1, 0, (30, 45), (2, -1), [8, 48, 14, 1], 64, 64, 1], [[0, (-1, -1)], [2, (-29, -45), 48, 0, 4]]], [[0, 1, (-30, -45), (-2, 1), [98, 10, 10, 1], 0, 64, 1], [[0, (1, 1)]]]]]]
[1, 1, [256, 0, [512, 1, 64], [16, 128], [64, 48, 14, 1]], [4, [16, 128], [[[1, 0, (33, 44), (3, -1), [0, 13, 14, 1], 64, 64, 1], [[0, (-1, -1)], [2, (-32, -44), 48, 0, 4]]], [[0, 1, (-33, -44), (-3, 1), [97, 10, 10, 1], 0, 64, 1], [[0, (1, 1)]]]]]]
[1, 1, [256, 0, [512, 1, 64], [16, 128], [64, 48, 14, 1]], [5, [16, 128], [[[1, 0, (36, 42), (3, -2), [0, 13, 14, 1], 63, 64, 1], [[2, (-36, -43), 13, 0, 4]]], [[0, 1, (-37, -43), (-4, 1), [96, 10, 10, 1], 0, 64, 1], [[0, (1, 1)]]]]]]
[1, 1, [256, 0, [512, 1, 64], [16, 128], [64, 48, 14, 1]], [6, [16, 128], [[[1, 0, (39, 39), (3, -3), [0, 13, 14, 1], 62, 64, 1], [[2, (-41, -42), 13, 0, 4]]], [[0, 1, (-42, -42), (-5, 1), [95, 10, 10, 1], 0, 64, 1], [[0, (1, 1)]]]]]]
[1, 1, [256, 0, [512, 1, 64], [16, 128], [64, 48, 14, 1]], [7, [16, 128], [[[1, 0, (41, 35), (2, -4), [0, 13, 14, 1], 61, 64, 1], [[2, (-47, -41), 13, 0, 4]]], [[0, 1, (-47, -41), (-5, 1), [94, 10, 10, 1], 0, 64, 1], [[0, (1, 1)]]]]]]
[1, 1, [256, 0, [512, 1, 64], [16, 128], [64, 48, 14, 1]], [8, [16, 128], [[[1, 0, (42, 31), (1, -4), [0, 13, 14, 1], 60, 64, 1], [[2, (-52, -40), 13, 0, 4]]], [[0, 1, (-52, -41), (-5, 0), [93, 10, 10, 1], 0, 64, 1], [[0, (1, 1)]]]]]]
[1, 1, [256, 0, [512, 1, 64], [16, 128], [64, 48, 14, 1]], [9, [16, 128], [[[1, 0, (42, 27), (0, -4), [0, 13, 14, 1], 59, 64, 1], [[2, (-57, -41), 13, 0, 4]]], [[0, 1, (-56, -41), (-4, 0), [93, 10, 10, 1], 0, 64, 1], None]]]]
[1, 1, [256, 0, [512, 1, 64], [16, 128], [64, 48, 14, 1]], [10, [16, 128], [[[1, 0, (41, 23), (-1, -4), [0, 13, 14, 1], 58, 64, 1], [[2, (-60, -41), 13, 0, 4]]], [[0, 1, (-59, -41), (-3, 0), [93, 10, 10, 1], 0, 64, 1], None]]]]
[1, 1, [256, 0, [512, 1, 64], [16, 128], [64, 48, 14, 1]], [11, [16, 128], [[[1, 0, (39, 19), (-2, -4), [0, 13, 14, 1], 57, 64, 1], [[2, (-62, -41), 13, 0, 4]]], [[0, 1, (-61, -41), (-2, 0), [93, 10, 10, 1], 0, 64, 1], None]]]]
[1, 1, [256, 0, [512, 1, 64], [16, 128], [64, 48, 14, 1]], [12, [16, 128], [[[1, 0, (36, 15), (-3, -4), [0, 13, 14, 1], 56, 64, 1], [[2, (-63, -41), 13, 0, 4]]], [[0, 1, (-62, -41), (-1, 0), [93, 10, 10, 1], 0, 64, 1], None]]]]
[1, 1, [256, 0, [512, 1, 64], [16, 128], [64, 48, 14, 1]], [13, [16, 128], [[[1, 0, (32, 11), (-4, -4), [0, 13, 14, 1], 55, 64, 1], [[2, (-63, -41), 13, 0, 4]]], [[0, 1, (-62, -41), (0, 0), [93, 10, 10, 1], 0, 64, 1], None]]]]
[1, 1, [256, 0, [512, 1, 64], [16, 128], [64, 48, 14, 1]], [14, [16, 128], [[[1, 0, (27, 7), (-5, -4), [0, 13, 14, 1], 54, 64, 1], [[2, (-62, -41), 13, 0, 4]]], [[0, 1, (-61, -41), (1, 0), [93, 10, 10, 1], 0, 64, 1], None]]]]
[1, 1, [256, 0, [512, 1, 64], [16, 128], [64, 48, 14, 1]], [15, [16, 128], [[[1, 0, (21, 3), (-6, -4), [0, 13, 14, 1], 53, 64, 1], [[2, (-60, -41), 13, 0, 4]]], [[0, 1, (-59, -41), (2, 0), [93, 10, 10, 1], 0, 64, 1], None]]]]
[1, 2, [256, 0, [512, 1, 64], [16, 128], [64, 48, 14, 1]], [16, [16, 128], [[[1, 0, (14, -1), (-7, -4), [0, 0, 0, 0], 53, 64, 1], None], [[0, 1, (-56, -41), (3, 0), [93, 10, 10, 1], 0, 64, 1], None]]]]
