[1, 0, [256, 0, [512, 1, 64], [16, 128], [64, 48, 14, 1]], None]
[1, 1, [256, 0, [512, 1, 64], [16, 128], [64, 48, 14, 1]], [0, [16, 128], [[[1, 0, (-36, -48), (0, 0), [64, 48, 14, 1], 0, 64, 1], None], [[0, 1, (36, 48), (0, 0), [5, 5, 5, 5], 0, 64, 1], None]]]]
[1, 1, [256, 0, [512, 1, 64], [16, 128], [64, 48, 14, 1]], [1, [16, 128], [[[1, 0, (-36, -47), (0, 1), [64, 48, 14, 1], 34, 64, 1], [[2, (36, 47), 48, 0, 4]]], [[0, 1, (36, 47), (0, -1), [5, 5, 5, 5], 0, 64, 1], None]]]]
[1, 1, [256, 0, [512, 1, 64], [16, 128], [64, 48, 14, 1]], [2, [16, 128], [[[1, 0, (-37, -46), (-1, 1), [51, 48, 14, 1], 64, 64, 1], [[0, (1, 1)], [2, (36, 45), 48, 0, 4]]], [[0, 1, (36, 45), (0, -2), [5, 5, 5, 5], 0, 64, 1], None]]]]
[1, 1, [256, 0, [512, 1, 64], [16, 128], [64, 48, 14, 1]], [3, [16, 128], [[[1, 0, (-39, -45), (-2, 1), [8, 48, 14, 1], 64, 64, 1], [[0, (1, 1)], [2, (36, 42), 48, 19, 4]]], [[0, 1, (36, 42), (0, -3), [5, 5, 5, 5], 14, 64, 1], None]]]]
[1, 1, [256, 0, [512, 1, 64], [16, 128], [64, 48, 14, 1]], [4, [16, 128], [[[1, 0, (-42, -44), (-3, 1), [0, 13, 14, 1], 64, 64, 1], [[0, (1, 1)], [2, (36, 38), 48, 49, 4]]], [[0, 1, (36, 38), (0, -4), [5, 5, 5, 5], 58, 64, 1], None]]]]
[1, 1, [256, 0, [512, 1, 64], [16, 128], [64, 48, 14, 1]], [5, [16, 128], [[[1, 0, (-45, -42), (-3, 2), [0, 13, 14, 1], 63, 64, 1], [[2, (36, 33), 13, 0, 4]]], [[0, 1, (36, 33), (0, -5), [5, 5, 5, 5], 53, 64, 1], None]]]]
[1, 1, [256, 0, [512, 1, 64], [16, 128], [64, 48, 14, 1]], [6, [16, 128], [[[1, 0, (-47, -40), (-2, 2), [0, 13, 14, 1], 62, 64, 1], [[2, (35, 28), 13, 0, 4]]], [[0, 1, (35, 28), (-1, -5), [5, 5, 5, 5], 48, 64, 1], None]]]]
[1, 1, [256, 0, [512, 1, 64], [16, 128], [64, 48, 14, 1]], [7, [16, 128], [[[1, 0, (-48, -38), (-1, 2), [0, 13, 14, 1], 61, 64, 1], [[2, (33, 23), 13, 0, 4]]], [[0, 1, (33, 23), (-2, -5), [5, 5, 5, 5], 43, 64, 1], None]]]]
[1, 1, [256, 0, [512, 1, 64], [16, 128], [64, 48, 14, 1]], [8, [16, 128], [[[1, 0, (-48, -36), (0, 2), [0, 13, 14, 1], 60, 64, 1], [[2, (30, 18), 13, 0, 4]]], [[0, 1, (30, 18), (-3, -5), [5, 5, 5, 5], 38, 64, 1], None]]]]
[1, 1, [256, 0, [512, 1, 64], [16, 128], [64, 48, 14, 1]], [9, [16, 128], [[[1, 0, (-47, -34), (1, 2), [0, 13, 14, 1], 59, 64, 1], [[2, (26, 13), 13, 0, 4]]], [[0, 1, (26, 13), (-4, -5), [5, 5, 5, 5], 33, 64, 1], None]]]]
[1, 1, [256, 0, [512, 1, 64], [16, 128], [64, 48, 14, 1]], [10, [16, 128], [[[1, 0, (-45, -32), (2, 2), [0, 13, 14, 1], 58, 64, 1], [[2, (21, 8), 13, 0, 4]]], [[0, 1, (21, 8), (-5, -5), [5, 5, 5, 5], 28, 64, 1], None]]]]
[1, 2, [256, 0, [512, 1, 64], [16, 128], [64, 48, 14, 1]], [11, [16, 128], [[[1, 0, (-42, -30), (3, 2), [0, 13, 14, 1], 57, 64, 1], [[2, (15, 3), 13, 0, 4]]], [[0, 1, (15, 3), (-6, -5), [0, 0, 0, 0], 28, 64, 1], None]]]]
