[1, 0, [256, 0, [512, 1, 64], [16, 128], [64, 48, 14, 1]], None]
[1, 1, [256, 0, [512, 1, 64], [16, 128], [64, 48, 14, 1]], [0, [16, 128], [[[1, 0, (48, 22), (0, 0), [64, 48, 14, 1], 0, 64, 1], None], [[0, 1, (-48, -22), (0, 0), [5, 5, 5, 5], 0, 64, 1], None]]]]
[1, 1, [256, 0, [512, 1, 64], [16, 128], [64, 48, 14, 1]], [1, [16, 128], [[[1, 0, (47, 22), (-1, 0), [64, 48, 14, 1], 0, 64, 1], [[2, (-47, -22), 1, 0, 4]]], [[0, 1, (-47, -22), (1, 0), [5, 5, 5, 5], 0, 64, 1], None]]]]
[1, 1, [256, 0, [512, 1, 64], [16, 128], [64, 48, 14, 1]], [2, [16, 128], [[[1, 0, (45, 22), (-2, 0), [64, 48, 14, 1], 0, 64, 1], [[2, (-45, -22), 1, 0, 4]]], [[0, 1, (-45, -22), (2, 0), [5, 5, 5, 5], 0, 64, 1], None]]]]
[1, 1, [256, 0, [512, 1, 64], [16, 128], [64, 48, 14, 1]], [3, [16, 128], [[[1, 0, (42, 22), (-3, 0), [64, 48, 14, 1], 0, 64, 1], [[2, (-42, -22), 1, 0, 4]]], [[0, 1, (-42, -22), (3, 0), [5, 5, 5, 5], 0, 64, 1], None]]]]
[1, 1, [256, 0, [512, 1, 64], [16, 128], [64, 48, 14, 1]], [4, [16, 128], [[[1, 0, (38, 22), (-4, 0), [64, 48, 14, 1], 0, 64, 1], [[2, (-38, -22), 1, 0, 4]]], [[0, 1, (-38, -22), (4, 0), [5, 5, 5, 5], 0, 64, 1], None]]]]
[1, 1, [256, 0, [512, 1, 64], [16, 128], [64, 48, 14, 1]], [5, [16, 128], [[[1, 0, (33, 22), (-5, 0), [64, 48, 14, 1], 0, 64, 1], [[2, (-33, -22), 1, 0, 4]]], [[0, 1, (-33, -22), (5, 0), [5, 5, 5, 5], 0, 64, 1], None]]]]
[1, 1, [256, 0, [512, 1, 64], [16, 128], [64, 48, 14, 1]], [6, [16, 128], [[[1, 0, (27, 22), (-6, 0), [64, 48, 14, 1], 0, 64, 1], [[2, (-27, -22), 1, 0, 4]]], [[0, 1, (-27, -22), (6, 0), [5, 5, 5, 5], 0, 64, 1], None]]]]
[1, 1, [256, 0, [512, 1, 64], [16, 128], [64, 48, 14, 1]], [7, [16, 128], [[[1, 0, (20, 22), (-7, 0), [64, 48, 14, 1], 0, 64, 1], [[2, (-20, -22), 1, 0, 4]]], [[0, 1, (-20, -22), (7, 0), [5, 5, 5, 5], 0, 64, 1], None]]]]
[1, 1, [256, 0, [512, 1, 64], [16, 128], [64, 48, 14, 1]], [8, [16, 128], [[[1, 0, (13, 21), (-7, -1), [64, 48, 14, 1], 0, 64, 1], [[2, (-13, -21), 1, 0, 4]]], [[0, 1, (-13, -21), (7, 1), [5, 5, 5, 5], 0, 64, 1], None]]]]
[1, 1, [256, 0, [512, 1, 64], [16, 128], [64, 48, 14, 1]], [9, [16, 128], [[[1, 0, (6, 19), (-7, -2), [64, 48, 14, 1], 0, 64, 1], [[2, (-6, -19), 1, 0, 4]]], [[0, 1, (-6, -19), (7, 2), [5, 5, 5, 5], 0, 64, 1], None]]]]
[1, 2, [256, 0, [512, 1, 64], [16, 128], [64, 48, 14, 1]], [10, [16, 128], [[[1, 0, (-1, 16), (-7, -3), [0, 0, 0, 0], 0, 64, 1], None], [[0, 1, (1, -16), (7, 3), [0, 0, 0, 0], 0, 64, 1], None]]]]
